1 , -5.47824 , -5.47824 , 0
2 , -5.46228 , -5.47026 , 0.00797954
3 , -5.47015 , -5.47022 , 0.00460714
4 , -5.46688 , -5.46939 , 0.00336309
5 , -5.47321 , -5.47015 , 0.00271488
6 , -5.46741 , -5.4697 , 0.00226337
7 , -5.45962 , -5.46826 , 0.00239403
8 , -5.46789 , -5.46821 , 0.0020738
9 , -5.4603 , -5.46733 , 0.00202942
10 , -5.4683 , -5.46743 , 0.00181776
11 , -5.46692 , -5.46738 , 0.00164488
12 , -5.45948 , -5.46672 , 0.00163955
13 , -5.469 , -5.4669 , 0.00151828
14 , -5.46308 , -5.46663 , 0.0014319
15 , -5.46142 , -5.46628 , 0.00137746
16 , -5.45818 , -5.46577 , 0.00138432
17 , -5.46092 , -5.46549 , 0.00133129
18 , -5.4751 , -5.46602 , 0.001364
19 , -5.46491 , -5.46596 , 0.00129153
20 , -5.45967 , -5.46565 , 0.00126506
21 , -5.46097 , -5.46543 , 0.00122375
22 , -5.45993 , -5.46518 , 0.00119323
23 , -5.46299 , -5.46508 , 0.00114413
24 , -5.46484 , -5.46507 , 0.00109546
25 , -5.47069 , -5.4653 , 0.00107454
26 , -5.46996 , -5.46548 , 0.00104786
27 , -5.45939 , -5.46525 , 0.00103321
28 , -5.46814 , -5.46535 , 0.00100098
29 , -5.46226 , -5.46525 , 0.000971724
30 , -5.47273 , -5.4655 , 0.000971396
31 , -5.4599 , -5.46532 , 0.000956732
32 , -5.47658 , -5.46567 , 0.000990941
33 , -5.46094 , -5.46552 , 0.000971064
34 , -5.46986 , -5.46565 , 0.00095065
35 , -5.45731 , -5.46541 , 0.000953375
36 , -5.46837 , -5.4655 , 0.000930143
37 , -5.45211 , -5.46513 , 0.000974319
38 , -5.46584 , -5.46515 , 0.000948514
39 , -5.45755 , -5.46496 , 0.000944233
40 , -5.47049 , -5.4651 , 0.000930671
41 , -5.46824 , -5.46517 , 0.000910925
42 , -5.46355 , -5.46513 , 0.00088981
43 , -5.46244 , -5.46507 , 0.00087113
44 , -5.46534 , -5.46508 , 0.000851123
45 , -5.47106 , -5.46521 , 0.000842543
46 , -5.47145 , -5.46535 , 0.000835103
47 , -5.46074 , -5.46525 , 0.000822995
48 , -5.46374 , -5.46522 , 0.000806279
49 , -5.46087 , -5.46513 , 0.000794627
50 , -5.47655 , -5.46536 , 0.000811391
