
1
0 , 0
0 , 0
0 , 0
0 , 0
0 , 0
0 , 0
0 , 0
0 , 0
0 , 0
0 , 0
0 , 0
0 , 0
0 , 0
0 , 0
0 , 0
0 , 0
0 , 0
0 , 0
0 , 0
0 , 0
0 , 0
0 , 0
0 , 0
0 , 0
0 , 0
0 , 0
0 , 0
0 , 0
0 , 0
0 , 0
0 , 0
0 , 0
1.8341e-05 , 0
8.66118e-06 , 0
0.00105691 , 0
0.0223934 , 0
0.146972 , 0
0.50088 , 0
1.07254 , 0
1.6684 , 0
2.1076 , 0
2.31706 , 0
2.33422 , 0
2.20681 , 0
2.01679 , 0
1.82362 , 0
1.62858 , 0
1.45521 , 0
1.29668 , 0
1.16227 , 0
1.05207 , 0
0.951959 , 0
0.876774 , 0
0.81693 , 0
0.759867 , 0
0.718784 , 0
0.68637 , 0
0.66102 , 0
0.63674 , 0
0.627755 , 0
0.625743 , 0
0.620684 , 0
0.6284 , 0
0.638629 , 0
0.650358 , 0
0.675529 , 0
0.700988 , 0
0.732554 , 0
0.765424 , 0
0.801424 , 0
0.841287 , 0
0.880854 , 0
0.92604 , 0
0.967528 , 0
1.00705 , 0
1.04247 , 0
1.07383 , 0
1.10687 , 0
1.13355 , 0
1.15175 , 0
1.16347 , 0
1.16494 , 0
1.15862 , 0
1.14465 , 0
1.12286 , 0
1.10399 , 0
1.07786 , 0
1.04886 , 0
1.01953 , 0
0.993506 , 0
0.969264 , 0
0.945798 , 0
0.9241 , 0
0.904936 , 0
0.891987 , 0
0.87864 , 0
0.869603 , 0
0.857186 , 0
0.847404 , 0
0.85035 , 0

2
0 , 0
0 , 0
0 , 0
0 , 0
0 , 0
0 , 0
0 , 0
0 , 0
0 , 0
0 , 0
0 , 0
0 , 0
0 , 0
0 , 0
0 , 0
0 , 0
0 , 0
0 , 0
0 , 0
0 , 0
0 , 0
0 , 0
0 , 0
0 , 0
0 , 0
0 , 0
0 , 0
0 , 0
0 , 0
0 , 0
0 , 0
0 , 0
9.17052e-06 , 9.17052e-06
8.66118e-06 , 0
0.000987272 , 6.96416e-05
0.0220441 , 0.000349291
0.148154 , 0.00118193
0.504739 , 0.00385825
1.07967 , 0.0071372
1.6807 , 0.0123019
2.1136 , 0.00600087
2.32139 , 0.00432928
2.3313 , 0.00291871
2.20657 , 0.000239902
2.01626 , 0.000530065
1.81738 , 0.00623851
1.62065 , 0.0079306
1.4464 , 0.00881178
1.28419 , 0.0124897
1.15123 , 0.0110401
1.04608 , 0.00599197
0.949238 , 0.00272105
0.873928 , 0.00284629
0.814589 , 0.00234066
0.758171 , 0.00169604
0.717536 , 0.00124798
0.686271 , 9.88785e-05
0.662422 , 0.00140137
0.641902 , 0.00516225
0.630971 , 0.00321649
0.62636 , 0.000617569
0.624076 , 0.00339201
0.632227 , 0.00382685
0.641443 , 0.00281402
0.654578 , 0.00422092
0.679227 , 0.00369789
0.704948 , 0.0039606
0.737183 , 0.00462937
0.768677 , 0.00325261
0.80662 , 0.00519607
0.847278 , 0.00599136
0.884788 , 0.00393412
0.925077 , 0.000962712
0.967044 , 0.00048353
1.00597 , 0.00108277
1.03991 , 0.00255437
1.07172 , 0.00211506
1.10487 , 0.00199914
1.12864 , 0.00491531
1.14695 , 0.00479953
1.15916 , 0.00431502
1.16194 , 0.0029958
1.15507 , 0.00354753
1.14434 , 0.000315071
1.12355 , 0.000684224
1.10042 , 0.00357292
1.07835 , 0.000490585
1.04655 , 0.00230711
1.02062 , 0.00108356
0.993562 , 5.60641e-05
0.969806 , 0.000542205
0.945008 , 0.000790385
0.92367 , 0.000429655
0.906615 , 0.00167863
0.890903 , 0.00108429
0.878528 , 0.000111384
0.869873 , 0.000270021
0.857537 , 0.000350623
0.84857 , 0.00116613
0.849309 , 0.00104102

3
0 , 0
0 , 0
0 , 0
0 , 0
0 , 0
0 , 0
0 , 0
0 , 0
0 , 0
0 , 0
0 , 0
0 , 0
0 , 0
0 , 0
0 , 0
0 , 0
0 , 0
0 , 0
0 , 0
0 , 0
0 , 0
0 , 0
0 , 0
0 , 0
0 , 0
0 , 0
0 , 0
0 , 0
0 , 0
0 , 0
0 , 0
0 , 0
6.11368e-06 , 6.11368e-06
1.44353e-05 , 5.77412e-06
0.00100229 , 4.29217e-05
0.0221062 , 0.000211007
0.14775 , 0.000792908
0.503814 , 0.00241184
1.07955 , 0.00412264
1.6764 , 0.0083067
2.11603 , 0.00422684
2.32121 , 0.00250639
2.33105 , 0.00170395
2.20896 , 0.00238985
2.01744 , 0.00121703
1.81544 , 0.00409449
1.61833 , 0.00513376
1.44587 , 0.00511503
1.28343 , 0.0072512
1.15266 , 0.0065307
1.04543 , 0.00351966
0.947801 , 0.00212916
0.872275 , 0.00233095
0.811537 , 0.00333759
0.758324 , 0.000991049
0.718563 , 0.00125436
0.685593 , 0.000680726
0.661615 , 0.00114224
0.643747 , 0.00350528
0.631274 , 0.00188153
0.628616 , 0.00228312
0.626038 , 0.00277195
0.63344 , 0.00252033
0.64266 , 0.00202996
0.656445 , 0.00306987
0.679333 , 0.00213764
0.706729 , 0.00289829
0.737234 , 0.00267325
0.769071 , 0.00191875
0.80786 , 0.00324593
0.84676 , 0.00349765
0.885118 , 0.00229512
0.925582 , 0.000750615
0.966731 , 0.000419957
1.00592 , 0.000627289
1.03946 , 0.00154219
1.06973 , 0.00232966
1.10368 , 0.00165717
1.12707 , 0.00324343
1.14543 , 0.00315862
1.15587 , 0.00412398
1.15988 , 0.0026907
1.15367 , 0.00248271
1.14335 , 0.00100658
1.12288 , 0.000769947
1.10005 , 0.00209536
1.07628 , 0.00208664
1.04697 , 0.0013963
1.02138 , 0.000984806
0.996117 , 0.00255525
0.97052 , 0.00077923
0.945945 , 0.00104286
0.924865 , 0.00121992
0.908376 , 0.00201061
0.892253 , 0.00148808
0.879476 , 0.000949515
0.87191 , 0.00204274
0.859595 , 0.00206846
0.849859 , 0.0014539
0.850171 , 0.0010511

4
0 , 0
0 , 0
0 , 0
0 , 0
0 , 0
0 , 0
0 , 0
0 , 0
0 , 0
0 , 0
0 , 0
0 , 0
0 , 0
0 , 0
0 , 0
0 , 0
0 , 0
0 , 0
0 , 0
0 , 0
0 , 0
0 , 0
0 , 0
0 , 0
0 , 0
0 , 0
0 , 0
0 , 0
0 , 0
0 , 0
0 , 0
0 , 0
4.58526e-06 , 4.58526e-06
1.08265e-05 , 5.44921e-06
0.00103848 , 4.72291e-05
0.0220596 , 0.000156304
0.147622 , 0.000575154
0.504268 , 0.00176486
1.07825 , 0.0031898
1.6813 , 0.0076504
2.11838 , 0.00380659
2.32233 , 0.00209886
2.32685 , 0.00436395
2.20535 , 0.00398392
2.01608 , 0.00161125
1.81425 , 0.00313077
1.61798 , 0.00364706
1.44423 , 0.00397153
1.28344 , 0.00512739
1.15246 , 0.00462208
1.04423 , 0.00276569
0.94765 , 0.00151313
0.87341 , 0.0020012
0.811986 , 0.00240234
0.759003 , 0.000975801
0.718942 , 0.00096449
0.687278 , 0.00175284
0.663394 , 0.00195313
0.645527 , 0.00305105
0.633528 , 0.00261716
0.629311 , 0.00175797
0.627339 , 0.00235291
0.633178 , 0.00180133
0.642046 , 0.00156147
0.656742 , 0.0021909
0.679951 , 0.00163281
0.705801 , 0.00224956
0.736128 , 0.00218988
0.768255 , 0.001583
0.806205 , 0.00282987
0.846365 , 0.00250463
0.885187 , 0.00162437
0.924171 , 0.00150718
0.966505 , 0.000373056
1.00425 , 0.0017231
1.03922 , 0.00111779
1.07165 , 0.00252528
1.10354 , 0.00118022
1.12713 , 0.0022944
1.14565 , 0.00224391
1.15578 , 0.00291743
1.15963 , 0.00191852
1.15399 , 0.00178454
1.14312 , 0.000747301
1.12363 , 0.000920191
1.09966 , 0.00153147
1.0756 , 0.00162523
1.04733 , 0.00105138
1.02112 , 0.000742199
0.99577 , 0.00183986
0.970902 , 0.000670641
0.946129 , 0.00075984
0.924677 , 0.000882896
0.908435 , 0.00142292
0.892723 , 0.00115273
0.87929 , 0.000696549
0.872086 , 0.00145512
0.859866 , 0.00148751
0.850043 , 0.00104448
0.850784 , 0.000963336

5
0 , 0
0 , 0
0 , 0
0 , 0
0 , 0
0 , 0
0 , 0
0 , 0
0 , 0
0 , 0
0 , 0
0 , 0
0 , 0
0 , 0
0 , 0
0 , 0
0 , 0
0 , 0
0 , 0
0 , 0
0 , 0
0 , 0
0 , 0
0 , 0
0 , 0
0 , 0
0 , 0
0 , 0
0 , 0
0 , 0
0 , 0
0 , 0
3.66821e-06 , 3.66821e-06
1.38579e-05 , 5.19671e-06
0.00104872 , 3.799e-05
0.0219944 , 0.000137513
0.147509 , 0.000459448
0.503204 , 0.00173216
1.07805 , 0.00247873
1.68026 , 0.00601639
2.11771 , 0.00302411
2.3219 , 0.00168213
2.32686 , 0.0033803
2.20511 , 0.00309551
2.01517 , 0.0015459
1.81403 , 0.00243473
1.61977 , 0.003349
1.44384 , 0.00310051
1.2852 , 0.0043426
1.15375 , 0.00380711
1.04418 , 0.00214289
0.948787 , 0.00163311
0.874097 , 0.00169548
0.812156 , 0.00186861
0.759599 , 0.000962674
0.719528 , 0.000949814
0.687605 , 0.00139651
0.663104 , 0.00154049
0.645226 , 0.00238232
0.633737 , 0.00203802
0.629278 , 0.00136213
0.627119 , 0.0018358
0.632224 , 0.0016899
0.64189 , 0.00121947
0.656564 , 0.00170642
0.67843 , 0.00197794
0.70478 , 0.00202002
0.735223 , 0.00192269
0.767895 , 0.00127812
0.805799 , 0.00222921
0.845888 , 0.00199774
0.885071 , 0.00126354
0.92406 , 0.00117278
0.966794 , 0.000408596
1.00496 , 0.00151036
1.04 , 0.00116605
1.07151 , 0.00196129
1.1034 , 0.000925337
1.12743 , 0.0018022
1.14663 , 0.00199486
1.15687 , 0.00250585
1.15968 , 0.00148689
1.15373 , 0.00140722
1.14325 , 0.000592833
1.12377 , 0.000726491
1.10025 , 0.00132409
1.07556 , 0.00125962
1.04761 , 0.00085927
1.02136 , 0.00062419
0.994863 , 0.00168946
0.970347 , 0.000760717
0.94587 , 0.000642998
0.925054 , 0.000781051
0.908104 , 0.00115071
0.892381 , 0.000956194
0.879438 , 0.000559357
0.871624 , 0.0012181
0.859645 , 0.0011732
0.850006 , 0.000809913
0.850542 , 0.000784312

6
0 , 0
0 , 0
0 , 0
0 , 0
0 , 0
0 , 0
0 , 0
0 , 0
0 , 0
0 , 0
0 , 0
0 , 0
0 , 0
0 , 0
0 , 0
0 , 0
0 , 0
0 , 0
0 , 0
0 , 0
0 , 0
0 , 0
0 , 0
0 , 0
0 , 0
0 , 0
0 , 0
0 , 0
0 , 0
0 , 0
0 , 0
0 , 0
3.05684e-06 , 3.05684e-06
1.44353e-05 , 4.2822e-06
0.00102278 , 4.04388e-05
0.0219807 , 0.000113113
0.147198 , 0.000487764
0.504282 , 0.00177777
1.07788 , 0.00203116
1.68106 , 0.00497688
2.11794 , 0.00247959
2.32279 , 0.00164022
2.32681 , 0.00276047
2.20576 , 0.00261141
2.01666 , 0.00195488
1.81356 , 0.0020437
1.61922 , 0.00279066
1.44235 , 0.00294173
1.28379 , 0.00381428
1.15308 , 0.00317974
1.04279 , 0.00223259
0.94885 , 0.0013349
0.874552 , 0.00145716
0.811543 , 0.0016445
0.759787 , 0.000808127
0.719063 , 0.000904057
0.687702 , 0.00114434
0.662128 , 0.00159185
0.644956 , 0.00196383
0.633925 , 0.00167465
0.629188 , 0.00111577
0.627023 , 0.00150201
0.632408 , 0.001392
0.642829 , 0.00136893
0.65717 , 0.00151966
0.678942 , 0.00169417
0.705249 , 0.00171498
0.735917 , 0.00171646
0.767995 , 0.00104836
0.805908 , 0.00182338
0.845396 , 0.00170377
0.885292 , 0.00105499
0.924381 , 0.00101012
0.966825 , 0.000335033
1.00449 , 0.00131997
1.04076 , 0.00121877
1.0721 , 0.00170885
1.10402 , 0.000980751
1.12785 , 0.00153
1.14724 , 0.00173886
1.15709 , 0.00205812
1.15957 , 0.00121909
1.15389 , 0.00116062
1.14293 , 0.000581138
1.12286 , 0.0010798
1.09978 , 0.00117999
1.07499 , 0.00117274
1.0478 , 0.000727033
1.02114 , 0.000558051
0.993974 , 0.00164092
0.96926 , 0.00125143
0.94568 , 0.000558074
0.92411 , 0.001139
0.907641 , 0.0010477
0.892023 , 0.000859055
0.879614 , 0.00048934
0.871535 , 0.000998544
0.859561 , 0.000961614
0.850148 , 0.000676338
0.851126 , 0.000866712

7
0 , 0
0 , 0
0 , 0
0 , 0
0 , 0
0 , 0
0 , 0
0 , 0
0 , 0
0 , 0
0 , 0
0 , 0
0 , 0
0 , 0
0 , 0
0 , 0
0 , 0
0 , 0
0 , 0
0 , 0
0 , 0
0 , 0
0 , 0
0 , 0
0 , 0
0 , 0
0 , 0
0 , 0
0 , 0
0 , 0
0 , 0
0 , 0
2.62015e-06 , 2.62015e-06
1.23731e-05 , 4.16541e-06
0.00105925 , 4.99878e-05
0.0219488 , 0.000100803
0.147587 , 0.000567205
0.505928 , 0.00222928
1.07969 , 0.00249178
1.6827 , 0.00451722
2.1179 , 0.00209603
2.32295 , 0.00139525
2.32487 , 0.00303191
2.20515 , 0.00229188
2.01649 , 0.00166059
1.81434 , 0.00189788
1.61801 , 0.00265119
1.44225 , 0.00248822
1.28417 , 0.00324549
1.15233 , 0.00279205
1.04178 , 0.00214116
0.948154 , 0.00132566
0.873654 , 0.00152375
0.811369 , 0.00140071
0.758946 , 0.00108297
0.71931 , 0.000802947
0.687703 , 0.000967143
0.662656 , 0.00144528
0.644851 , 0.00166304
0.633799 , 0.00142091
0.62897 , 0.000967857
0.627379 , 0.00131838
0.632417 , 0.00117649
0.642887 , 0.00115838
0.657802 , 0.00143138
0.679572 , 0.00156425
0.70559 , 0.00148884
0.735823 , 0.00145376
0.768083 , 0.000890422
0.805961 , 0.00154198
0.845515 , 0.00144481
0.885776 , 0.00101468
0.925007 , 0.00105853
0.966816 , 0.000283271
1.00487 , 0.00118027
1.04119 , 0.00111611
1.07267 , 0.00155173
1.10389 , 0.000839049
1.12783 , 0.00129323
1.14786 , 0.00159563
1.15779 , 0.00187341
1.1601 , 0.00115766
1.15371 , 0.000998514
1.14318 , 0.000553675
1.12227 , 0.00108994
1.09891 , 0.00132058
1.07468 , 0.00104046
1.04717 , 0.000879525
1.02025 , 0.00100379
0.993383 , 0.00150773
0.968643 , 0.0012246
0.945054 , 0.000784139
0.923496 , 0.00114207
0.907489 , 0.000898326
0.891417 , 0.000945798
0.879505 , 0.000427504
0.871272 , 0.000883805
0.859232 , 0.000876854
0.84995 , 0.000604842
0.850921 , 0.00076076

8
0 , 0
0 , 0
0 , 0
0 , 0
0 , 0
0 , 0
0 , 0
0 , 0
0 , 0
0 , 0
0 , 0
0 , 0
0 , 0
0 , 0
0 , 0
0 , 0
0 , 0
0 , 0
0 , 0
0 , 0
0 , 0
0 , 0
0 , 0
0 , 0
0 , 0
0 , 0
0 , 0
0 , 0
0 , 0
0 , 0
0 , 0
0 , 0
2.29263e-06 , 2.29263e-06
1.29918e-05 , 3.66002e-06
0.00110914 , 6.6054e-05
0.02182 , 0.000155569
0.147609 , 0.000491687
0.50553 , 0.00197129
1.07941 , 0.00217624
1.68356 , 0.00400388
2.11776 , 0.00182005
2.32314 , 0.00122242
2.32409 , 0.00274003
2.20541 , 0.00200269
2.01662 , 0.00144351
1.81433 , 0.00164365
1.61743 , 0.00236667
1.44131 , 0.00234813
1.28359 , 0.00287023
1.15255 , 0.00242808
1.04131 , 0.00191232
0.947993 , 0.00115918
0.872769 , 0.00158876
0.811728 , 0.00126504
0.758704 , 0.000968552
0.719373 , 0.00069818
0.688007 , 0.000890969
0.662635 , 0.00125183
0.645749 , 0.0016971
0.634694 , 0.00152132
0.629323 , 0.00090941
0.628035 , 0.00131683
0.633127 , 0.00124232
0.643289 , 0.00108069
0.658253 , 0.00131914
0.679887 , 0.00139086
0.705893 , 0.00132461
0.736197 , 0.00131334
0.768359 , 0.000818946
0.806327 , 0.00138463
0.846103 , 0.00138263
0.885706 , 0.000881514
0.924787 , 0.000942793
0.966405 , 0.000478941
1.00389 , 0.00141589
1.04041 , 0.0012383
1.07203 , 0.00148755
1.10293 , 0.00121082
1.12688 , 0.00147092
1.14714 , 0.00155941
1.15744 , 0.00165883
1.15943 , 0.00120318
1.15333 , 0.000944345
1.14308 , 0.000490678
1.12222 , 0.000944978
1.09881 , 0.00114788
1.07455 , 0.000909573
1.04723 , 0.000764091
1.02064 , 0.000953397
0.993506 , 0.00131157
0.968785 , 0.00106999
0.945633 , 0.00089233
0.924058 , 0.00113745
0.907697 , 0.00080536
0.892088 , 0.00105931
0.88049 , 0.00105173
0.872052 , 0.0010926
0.859798 , 0.000947013
0.850558 , 0.000802492
0.851041 , 0.000669696

9
0 , 0
0 , 0
0 , 0
0 , 0
0 , 0
0 , 0
0 , 0
0 , 0
0 , 0
0 , 0
0 , 0
0 , 0
0 , 0
0 , 0
0 , 0
0 , 0
0 , 0
0 , 0
0 , 0
0 , 0
0 , 0
0 , 0
0 , 0
0 , 0
0 , 0
0 , 0
0 , 0
0 , 0
0 , 0
0 , 0
0 , 0
0 , 0
2.03789e-06 , 2.03789e-06
1.25106e-05 , 3.2635e-06
0.00111427 , 5.84788e-05
0.0218621 , 0.000143528
0.147502 , 0.00044658
0.506407 , 0.00194724
1.08082 , 0.00238409
1.68508 , 0.00384582
2.11922 , 0.00216851
2.32337 , 0.00110244
2.3237 , 0.00244783
2.20525 , 0.00177336
2.01685 , 0.00129445
1.81273 , 0.00216094
1.61643 , 0.00231538
1.44023 , 0.0023374
1.28313 , 0.00257234
1.15218 , 0.00217231
1.04158 , 0.00170744
0.947551 , 0.0011141
0.872132 , 0.00153937
0.811373 , 0.00117059
0.758353 , 0.000923655
0.719522 , 0.000633634
0.688112 , 0.000792721
0.662526 , 0.00110936
0.64577 , 0.00149685
0.634721 , 0.00134196
0.629464 , 0.000814251
0.628041 , 0.00116135
0.633279 , 0.00110608
0.643883 , 0.0011231
0.658865 , 0.0013145
0.679872 , 0.00122672
0.706107 , 0.00118756
0.736636 , 0.00123873
0.768897 , 0.000900772
0.806641 , 0.00126087
0.846103 , 0.00121936
0.885812 , 0.000784634
0.925266 , 0.000959492
0.966373 , 0.0004236
1.00413 , 0.0012712
1.04054 , 0.00109939
1.07219 , 0.00132194
1.10314 , 0.00108849
1.12774 , 0.00156019
1.14683 , 0.00140891
1.15705 , 0.00151391
1.15908 , 0.00111762
1.153 , 0.000893589
1.14204 , 0.00112612
1.12118 , 0.0013391
1.0983 , 0.00113309
1.07379 , 0.00110382
1.04684 , 0.000777708
1.01989 , 0.00112604
0.993439 , 0.00115867
0.968563 , 0.000969311
0.945243 , 0.000878155
0.924296 , 0.001031
0.907886 , 0.00073483
0.892347 , 0.000969417
0.881021 , 0.00106872
0.872733 , 0.00117976
0.860089 , 0.000884554
0.850963 , 0.000815247
0.851232 , 0.000620665

10
0 , 0
0 , 0
0 , 0
0 , 0
0 , 0
0 , 0
0 , 0
0 , 0
0 , 0
0 , 0
0 , 0
0 , 0
0 , 0
0 , 0
0 , 0
0 , 0
0 , 0
0 , 0
0 , 0
0 , 0
0 , 0
0 , 0
0 , 0
0 , 0
0 , 0
0 , 0
0 , 0
0 , 0
0 , 0
0 , 0
0 , 0
0 , 0
1.8341e-06 , 1.8341e-06
1.21257e-05 , 2.94424e-06
0.00111263 , 5.23307e-05
0.0217305 , 0.000183851
0.147489 , 0.000399654
0.506478 , 0.00174313
1.08056 , 0.00214843
1.68549 , 0.00346426
2.12021 , 0.00217653
2.32377 , 0.00106611
2.32335 , 0.00221676
2.20482 , 0.00164561
2.01646 , 0.00122204
1.81275 , 0.00193294
1.61626 , 0.002078
1.44041 , 0.00209853
1.28363 , 0.00235497
1.15275 , 0.00202461
1.0419 , 0.00156136
0.947641 , 0.00100054
0.872425 , 0.00140768
0.811365 , 0.00104704
0.758404 , 0.000827728
0.719449 , 0.000571487
0.688111 , 0.000709032
0.66183 , 0.00121181
0.645177 , 0.00146407
0.634247 , 0.00129064
0.628402 , 0.00128776
0.627588 , 0.00113337
0.632937 , 0.00104675
0.643951 , 0.00100684
0.658681 , 0.00119005
0.679929 , 0.00109873
0.706428 , 0.0011098
0.736835 , 0.00112569
0.769579 , 0.00105521
0.806703 , 0.00112943
0.846222 , 0.00109705
0.885592 , 0.000735594
0.925332 , 0.000860748
0.966379 , 0.000378924
1.00444 , 0.0011772
1.04092 , 0.00105579
1.07237 , 0.0011952
1.10302 , 0.000980916
1.12813 , 0.00144852
1.14696 , 0.00126643
1.15729 , 0.00137521
1.15899 , 0.00100338
1.15307 , 0.000802546
1.14199 , 0.00100823
1.12093 , 0.00122224
1.09873 , 0.00110053
1.07404 , 0.00101844
1.04666 , 0.000719215
1.01979 , 0.00101238
0.993236 , 0.0010559
0.968255 , 0.000920162
0.945024 , 0.000815397
0.924085 , 0.000945816
0.907242 , 0.000920332
0.892179 , 0.000883227
0.88076 , 0.000990897
0.872374 , 0.00111461
0.859852 , 0.000825885
0.850743 , 0.000761584
0.850778 , 0.000717196

11
0 , 0
0 , 0
0 , 0
0 , 0
0 , 0
0 , 0
0 , 0
0 , 0
0 , 0
0 , 0
0 , 0
0 , 0
0 , 0
0 , 0
0 , 0
0 , 0
0 , 0
0 , 0
0 , 0
0 , 0
0 , 0
0 , 0
0 , 0
0 , 0
0 , 0
0 , 0
0 , 0
0 , 0
0 , 0
0 , 0
0 , 0
0 , 0
1.66737e-06 , 1.66737e-06
1.10233e-05 , 2.88228e-06
0.00108671 , 5.3967e-05
0.021668 , 0.000177663
0.147589 , 0.000375153
0.506063 , 0.00163053
1.08081 , 0.00195899
1.68536 , 0.00313626
2.12092 , 0.00209406
2.32359 , 0.000981902
2.32255 , 0.00215741
2.20553 , 0.00164947
2.01596 , 0.00121313
1.81248 , 0.00176987
1.61631 , 0.00188019
1.43946 , 0.00212241
1.2832 , 0.00217255
1.15242 , 0.00186072
1.04199 , 0.00141539
0.947585 , 0.000906756
0.872702 , 0.0013031
0.811085 , 0.00098756
0.758314 , 0.000754123
0.719392 , 0.000520046
0.688314 , 0.000672618
0.662028 , 0.00111392
0.645549 , 0.00137561
0.634611 , 0.00122287
0.628812 , 0.00123492
0.628014 , 0.00111051
0.633306 , 0.00101627
0.644486 , 0.00105639
0.659021 , 0.00112884
0.680336 , 0.00107391
0.706894 , 0.00110645
0.736737 , 0.00102292
0.769861 , 0.000995493
0.806396 , 0.00106654
0.846226 , 0.000992334
0.885729 , 0.000679271
0.925086 , 0.000816623
0.965749 , 0.000716902
1.00399 , 0.00115288
1.04066 , 0.000989833
1.07227 , 0.00108583
1.1027 , 0.000940904
1.12818 , 0.0013111
1.14674 , 0.00116598
1.15698 , 0.00128215
1.15906 , 0.000910064
1.15319 , 0.000735517
1.14169 , 0.000959759
1.12051 , 0.00118369
1.09861 , 0.00100298
1.074 , 0.000922105
1.04612 , 0.000840761
1.01966 , 0.000925153
0.993142 , 0.000959722
0.968382 , 0.000842006
0.945344 , 0.000804055
0.92451 , 0.000955098
0.907292 , 0.000833986
0.89205 , 0.000809315
0.881228 , 0.00101121
0.872427 , 0.00100961
0.859895 , 0.000748255
0.851004 , 0.000736637
0.851174 , 0.000760387

12
0 , 0
0 , 0
0 , 0
0 , 0
0 , 0
0 , 0
0 , 0
0 , 0
0 , 0
0 , 0
0 , 0
0 , 0
0 , 0
0 , 0
0 , 0
0 , 0
0 , 0
0 , 0
0 , 0
0 , 0
0 , 0
0 , 0
0 , 0
0 , 0
0 , 0
0 , 0
0 , 0
0 , 0
0 , 0
0 , 0
0 , 0
0 , 0
1.52842e-06 , 1.52842e-06
1.01047e-05 , 2.7869e-06
0.00108559 , 4.92776e-05
0.0216864 , 0.000163225
0.147884 , 0.000451791
0.506766 , 0.00164621
1.08203 , 0.00216968
1.68596 , 0.00292597
2.1212 , 0.00193091
2.32323 , 0.000963922
2.32252 , 0.00196977
2.20427 , 0.00195928
2.01587 , 0.00111098
1.81213 , 0.00165219
1.6157 , 0.00181954
1.43927 , 0.0019468
1.28306 , 0.00198856
1.15188 , 0.00178381
1.04218 , 0.00130498
0.947486 , 0.000833628
0.872812 , 0.00119464
0.811427 , 0.000964235
0.758799 , 0.000842295
0.719642 , 0.000536686
0.688772 , 0.000765928
0.662215 , 0.00103379
0.645752 , 0.00127195
0.634468 , 0.00112542
0.628907 , 0.0011313
0.627878 , 0.00102287
0.633422 , 0.000934908
0.644398 , 0.000968397
0.658888 , 0.00103906
0.679984 , 0.00104166
0.706657 , 0.0010375
0.736545 , 0.000953307
0.769499 , 0.00097843
0.806461 , 0.000975771
0.845921 , 0.000955849
0.885807 , 0.000625024
0.924926 , 0.00076229
0.965973 , 0.000691725
1.00441 , 0.0011314
1.04083 , 0.000919062
1.07288 , 0.00116402
1.10355 , 0.00120509
1.12862 , 0.00127482
1.14732 , 0.00121149
1.15728 , 0.00120734
1.15909 , 0.000831402
1.15313 , 0.000674337
1.1415 , 0.000896576
1.12029 , 0.00110349
1.09821 , 0.00100027
1.07329 , 0.00110282
1.04584 , 0.000818461
1.01929 , 0.00092193
0.992739 , 0.000964523
0.968081 , 0.000825691
0.94523 , 0.000742785
0.924321 , 0.000892128
0.90692 , 0.000847284
0.892115 , 0.000741645
0.880995 , 0.000951984
0.872277 , 0.000933765
0.859664 , 0.000720932
0.851142 , 0.000686415
0.851205 , 0.000694802

13
0 , 0
0 , 0
0 , 0
0 , 0
0 , 0
0 , 0
0 , 0
0 , 0
0 , 0
0 , 0
0 , 0
0 , 0
0 , 0
0 , 0
0 , 0
0 , 0
0 , 0
0 , 0
0 , 0
0 , 0
0 , 0
0 , 0
0 , 0
0 , 0
0 , 0
0 , 0
0 , 0
0 , 0
0 , 0
0 , 0
0 , 0
0 , 0
1.41085e-06 , 1.41085e-06
9.32743e-06 , 2.67882e-06
0.00110607 , 4.97418e-05
0.0216363 , 0.000158284
0.14786 , 0.000416231
0.506389 , 0.00156049
1.08125 , 0.00214383
1.68608 , 0.00269395
2.12097 , 0.00179068
2.32361 , 0.000964073
2.32255 , 0.00181216
2.20416 , 0.00180612
2.01561 , 0.00105586
1.81214 , 0.00151983
1.61596 , 0.00169391
1.43871 , 0.00187717
1.28301 , 0.00182984
1.15172 , 0.00164882
1.04244 , 0.00122955
0.948002 , 0.000924446
0.872814 , 0.00109891
0.811502 , 0.000890103
0.758881 , 0.000779084
0.719682 , 0.000495266
0.688712 , 0.00070709
0.662427 , 0.000974334
0.645702 , 0.00117108
0.634753 , 0.00107375
0.629241 , 0.00109313
0.62822 , 0.00100121
0.633656 , 0.000891136
0.644472 , 0.00089389
0.659289 , 0.00103638
0.680082 , 0.000963137
0.70667 , 0.000954449
0.736189 , 0.000946305
0.769197 , 0.000949317
0.806273 , 0.00091717
0.845567 , 0.000947881
0.885415 , 0.000695696
0.924477 , 0.000832705
0.965646 , 0.000715416
1.00391 , 0.00115562
1.04047 , 0.000919173
1.07259 , 0.00110742
1.10325 , 0.00114939
1.12831 , 0.00121385
1.14729 , 0.00111464
1.15749 , 0.00113121
1.15897 , 0.000775386
1.15327 , 0.000635
1.14178 , 0.000869501
1.12077 , 0.00112681
1.0985 , 0.000966706
1.07365 , 0.00107617
1.04625 , 0.000858133
1.01965 , 0.000922629
0.992936 , 0.000908778
0.968391 , 0.000820271
0.945437 , 0.000713856
0.9245 , 0.000839906
0.907177 , 0.00082058
0.892177 , 0.000685029
0.880991 , 0.000875705
0.87238 , 0.00086502
0.859769 , 0.000671416
0.851129 , 0.000631533
0.85109 , 0.000649333

14
0 , 0
0 , 0
0 , 0
0 , 0
0 , 0
0 , 0
0 , 0
0 , 0
0 , 0
0 , 0
0 , 0
0 , 0
0 , 0
0 , 0
0 , 0
0 , 0
0 , 0
0 , 0
0 , 0
0 , 0
0 , 0
0 , 0
0 , 0
0 , 0
0 , 0
0 , 0
0 , 0
0 , 0
0 , 0
0 , 0
0 , 0
0 , 0
1.31007e-06 , 1.31007e-06
9.27984e-06 , 2.48057e-06
0.00111192 , 4.64223e-05
0.0216178 , 0.000147713
0.148063 , 0.000435157
0.506372 , 0.00144483
1.08183 , 0.00206838
1.68622 , 0.00249813
2.12095 , 0.00165796
2.32363 , 0.000892677
2.32239 , 0.00168497
2.20339 , 0.0018391
2.01529 , 0.00102774
1.81171 , 0.00147064
1.61594 , 0.00156842
1.43843 , 0.00176055
1.28312 , 0.00169783
1.15166 , 0.00152767
1.04256 , 0.00114385
0.947951 , 0.000857408
0.8729 , 0.00102097
0.811609 , 0.000830994
0.758775 , 0.00072899
0.719822 , 0.000479516
0.688705 , 0.000654677
0.662707 , 0.000944481
0.645973 , 0.00111755
0.63502 , 0.00102933
0.629574 , 0.00106528
0.628583 , 0.000995321
0.634032 , 0.00090697
0.644825 , 0.0008998
0.659191 , 0.000964482
0.679865 , 0.000917527
0.706647 , 0.000883944
0.735883 , 0.000928116
0.768837 , 0.000949819
0.806234 , 0.000850002
0.845386 , 0.000896038
0.88491 , 0.000818313
0.924477 , 0.000770935
0.965668 , 0.000662715
1.00374 , 0.00108279
1.04034 , 0.000860524
1.07276 , 0.0010391
1.10326 , 0.00106429
1.12821 , 0.00112834
1.14714 , 0.00104363
1.15743 , 0.0010494
1.15888 , 0.000722504
1.15296 , 0.000662083
1.14164 , 0.00081716
1.1208 , 0.00104343
1.09847 , 0.000895663
1.0737 , 0.000997407
1.04625 , 0.000794476
1.01966 , 0.000854232
0.993198 , 0.000881361
0.968603 , 0.000788494
0.945795 , 0.000751591
0.924732 , 0.000811443
0.907502 , 0.000826522
0.892425 , 0.000681196
0.881138 , 0.00082386
0.872571 , 0.000823338
0.859737 , 0.000622431
0.851241 , 0.000595208
0.851084 , 0.000601199

15
0 , 0
0 , 0
0 , 0
0 , 0
0 , 0
0 , 0
0 , 0
0 , 0
0 , 0
0 , 0
0 , 0
0 , 0
0 , 0
0 , 0
0 , 0
0 , 0
0 , 0
0 , 0
0 , 0
0 , 0
0 , 0
0 , 0
0 , 0
0 , 0
0 , 0
0 , 0
0 , 0
0 , 0
0 , 0
0 , 0
0 , 0
0 , 0
1.22274e-06 , 1.22274e-06
8.66118e-06 , 2.39071e-06
0.00111317 , 4.32348e-05
0.0216757 , 0.000149213
0.148263 , 0.00045211
0.506972 , 0.00147292
1.08262 , 0.00208188
1.68581 , 0.0023613
2.12106 , 0.00154729
2.32333 , 0.000884199
2.32258 , 0.00157965
2.20359 , 0.00172327
2.01489 , 0.00103593
1.81187 , 0.00137836
1.61609 , 0.00146812
1.43798 , 0.00169932
1.2831 , 0.00158081
1.1518 , 0.00142934
1.04233 , 0.00108809
0.948096 , 0.000811346
0.872965 , 0.000952679
0.811453 , 0.000789191
0.758985 , 0.000710339
0.719792 , 0.0004474
0.688328 , 0.000716543
0.662784 , 0.000882656
0.645774 , 0.00105924
0.634918 , 0.00096371
0.629504 , 0.000994162
0.628598 , 0.000926715
0.633656 , 0.000924205
0.644792 , 0.000838344
0.659537 , 0.000962534
0.680047 , 0.000873158
0.706725 , 0.000826585
0.7358 , 0.00086801
0.769019 , 0.000902835
0.806381 , 0.000804785
0.845632 , 0.00086969
0.885143 , 0.000796439
0.924819 , 0.000794975
0.965632 , 0.000617995
1.00384 , 0.00101317
1.04018 , 0.00081787
1.07266 , 0.000972707
1.10328 , 0.000990963
1.12811 , 0.00105466
1.14725 , 0.000977993
1.15721 , 0.00100058
1.15856 , 0.000744973
1.15271 , 0.000666702
1.14177 , 0.000771803
1.12069 , 0.000977238
1.09849 , 0.000834241
1.07382 , 0.000936608
1.04617 , 0.000744024
1.01959 , 0.000798399
0.993203 , 0.000820518
0.968796 , 0.000759135
0.945789 , 0.000699721
0.924876 , 0.000768972
0.907304 , 0.00079455
0.892378 , 0.000635948
0.881174 , 0.000767814
0.872533 , 0.000767399
0.859579 , 0.000600688
0.85122 , 0.000554502
0.851059 , 0.000560225

16
0 , 0
0 , 0
0 , 0
0 , 0
0 , 0
0 , 0
0 , 0
0 , 0
0 , 0
0 , 0
0 , 0
0 , 0
0 , 0
0 , 0
0 , 0
0 , 0
0 , 0
0 , 0
0 , 0
0 , 0
0 , 0
0 , 0
0 , 0
0 , 0
0 , 0
0 , 0
0 , 0
0 , 0
0 , 0
0 , 0
0 , 0
0 , 0
1.14632e-06 , 1.14632e-06
8.66118e-06 , 2.23631e-06
0.00111836 , 4.0774e-05
0.0217031 , 0.000142239
0.148572 , 0.00052356
0.507257 , 0.00140682
1.08295 , 0.00197371
1.68613 , 0.00223146
2.12257 , 0.00209099
2.32385 , 0.00097848
2.32357 , 0.00177972
2.20365 , 0.00161342
2.01456 , 0.00102526
1.81146 , 0.00135352
1.61553 , 0.00148576
1.43742 , 0.00168395
1.28282 , 0.00150506
1.15094 , 0.00159093
1.04196 , 0.00108517
0.947599 , 0.000907188
0.872798 , 0.000906589
0.811181 , 0.000786608
0.758855 , 0.000677009
0.71959 , 0.000464931
0.687862 , 0.000816146
0.662709 , 0.00082908
0.645522 , 0.00102225
0.634897 , 0.000901707
0.62962 , 0.000937157
0.628421 , 0.000884827
0.633778 , 0.000873076
0.644908 , 0.000792718
0.659683 , 0.00091207
0.680429 , 0.000901879
0.70673 , 0.000773218
0.736074 , 0.000856965
0.769709 , 0.00109043
0.806689 , 0.00081341
0.846102 , 0.000939559
0.885692 , 0.000925532
0.925114 , 0.000799727
0.965695 , 0.000581498
1.00415 , 0.000995376
1.04053 , 0.000839828
1.07276 , 0.000915522
1.10338 , 0.000931613
1.12801 , 0.000992135
1.14737 , 0.000922089
1.15726 , 0.000937199
1.15857 , 0.000696929
1.15282 , 0.000634125
1.14129 , 0.000865549
1.12044 , 0.00094779
1.09814 , 0.00085544
1.07334 , 0.000999908
1.0458 , 0.00078755
1.01925 , 0.000819752
0.992906 , 0.000823101
0.968438 , 0.000795112
0.94562 , 0.000676075
0.924585 , 0.000775806
0.906929 , 0.000832732
0.892171 , 0.000629642
0.881088 , 0.000723367
0.872362 , 0.000737951
0.859581 , 0.000561894
0.851289 , 0.00052325
0.851034 , 0.000524658

17
0 , 0
0 , 0
0 , 0
0 , 0
0 , 0
0 , 0
0 , 0
0 , 0
0 , 0
0 , 0
0 , 0
0 , 0
0 , 0
0 , 0
0 , 0
0 , 0
0 , 0
0 , 0
0 , 0
0 , 0
0 , 0
0 , 0
0 , 0
0 , 0
0 , 0
0 , 0
0 , 0
0 , 0
0 , 0
0 , 0
0 , 0
0 , 0
1.07888e-06 , 1.07888e-06
8.1517e-06 , 2.16155e-06
0.00111137 , 3.89328e-05
0.0217263 , 0.000135619
0.148606 , 0.000492979
0.507795 , 0.00142699
1.08357 , 0.0019569
1.6865 , 0.00212871
2.12249 , 0.00196555
2.32356 , 0.000964593
2.32337 , 0.00168302
2.20344 , 0.00153119
2.01441 , 0.000974808
1.81126 , 0.0012875
1.61529 , 0.00141606
1.43744 , 0.00158191
1.28298 , 0.00142261
1.15115 , 0.0015101
1.04189 , 0.00102146
0.947888 , 0.000899898
0.872844 , 0.000852836
0.810999 , 0.000760958
0.758764 , 0.000642466
0.719721 , 0.000456026
0.687769 , 0.000772305
0.662616 , 0.000784293
0.645334 , 0.000978472
0.634646 , 0.000883426
0.629556 , 0.000882631
0.628693 , 0.000874574
0.633886 , 0.000827182
0.64492 , 0.000744733
0.659809 , 0.000866003
0.680349 , 0.000850959
0.706806 , 0.000730278
0.73597 , 0.000811624
0.769612 , 0.0010288
0.806736 , 0.000765518
0.846047 , 0.000884278
0.88567 , 0.000869668
0.925056 , 0.000753417
0.965573 , 0.00055968
1.00409 , 0.000937018
1.04057 , 0.000790407
1.07304 , 0.000904512
1.10351 , 0.0008856
1.12829 , 0.000974806
1.14757 , 0.000890606
1.15723 , 0.000880774
1.15873 , 0.000672342
1.15275 , 0.000600637
1.14118 , 0.00082019
1.12052 , 0.000894247
1.09795 , 0.00082554
1.07309 , 0.000970003
1.04564 , 0.000757688
1.01916 , 0.000775383
0.992704 , 0.000799175
0.968147 , 0.000801896
0.945493 , 0.000647607
0.924589 , 0.000728756
0.907033 , 0.000789155
0.892279 , 0.000601231
0.881005 , 0.00068456
0.872395 , 0.00069396
0.859547 , 0.000528886
0.851395 , 0.000502976
0.851057 , 0.000493379

18
0 , 0
0 , 0
0 , 0
0 , 0
0 , 0
0 , 0
0 , 0
0 , 0
0 , 0
0 , 0
0 , 0
0 , 0
0 , 0
0 , 0
0 , 0
0 , 0
0 , 0
0 , 0
0 , 0
0 , 0
0 , 0
0 , 0
0 , 0
0 , 0
0 , 0
0 , 0
0 , 0
0 , 0
0 , 0
0 , 0
0 , 0
0 , 0
1.01895e-06 , 1.01895e-06
1.01047e-05 , 2.82266e-06
0.00110243 , 3.77799e-05
0.0216771 , 0.000136996
0.148487 , 0.000479886
0.507415 , 0.00139819
1.08308 , 0.00191036
1.6857 , 0.00216115
2.12229 , 0.00186475
2.32268 , 0.00126256
2.32315 , 0.00160199
2.20353 , 0.0014468
2.01451 , 0.000924892
1.8115 , 0.0012388
1.61592 , 0.00147979
1.43777 , 0.00152771
1.28349 , 0.00143781
1.15177 , 0.00154926
1.04213 , 0.000993697
0.948329 , 0.000956
0.873217 , 0.000886325
0.811318 , 0.000785183
0.759114 , 0.000699874
0.719727 , 0.000429991
0.687741 , 0.000728665
0.662663 , 0.000740932
0.645483 , 0.000934437
0.634736 , 0.000837732
0.629307 , 0.000868548
0.628528 , 0.000840796
0.633737 , 0.00079411
0.644816 , 0.00070984
0.659532 , 0.00086237
0.680268 , 0.000806308
0.706479 , 0.000762502
0.735859 , 0.000773246
0.769421 , 0.000988601
0.806619 , 0.000731263
0.845819 , 0.000864506
0.885438 , 0.000851987
0.925035 , 0.000710644
0.965414 , 0.000551129
1.00402 , 0.000886153
1.04049 , 0.000749576
1.07306 , 0.000853037
1.10359 , 0.000839131
1.12837 , 0.000922766
1.14729 , 0.000887589
1.15718 , 0.000831874
1.15862 , 0.00064352
1.15292 , 0.000591905
1.1412 , 0.000773533
1.12064 , 0.000850893
1.0981 , 0.000791532
1.07305 , 0.000915798
1.04581 , 0.00073367
1.0195 , 0.000804482
0.993073 , 0.000839299
0.968375 , 0.000789896
0.945633 , 0.000626529
0.924581 , 0.000687127
0.906999 , 0.000744795
0.892286 , 0.000566884
0.8809 , 0.000653837
0.8724 , 0.000654289
0.859542 , 0.000498663
0.851274 , 0.000489609
0.851099 , 0.000467038

19
0 , 0
0 , 0
0 , 0
0 , 0
0 , 0
0 , 0
0 , 0
0 , 0
0 , 0
0 , 0
0 , 0
0 , 0
0 , 0
0 , 0
0 , 0
0 , 0
0 , 0
0 , 0
0 , 0
0 , 0
0 , 0
0 , 0
0 , 0
0 , 0
0 , 0
0 , 0
0 , 0
0 , 0
0 , 0
0 , 0
0 , 0
0 , 0
9.65318e-07 , 9.65318e-07
9.57289e-06 , 2.72242e-06
0.00109529 , 3.64423e-05
0.0216188 , 0.000142099
0.14852 , 0.000455128
0.507522 , 0.00132692
1.0832 , 0.00181123
1.68598 , 0.00206367
2.12264 , 0.00180009
2.32281 , 0.00120092
2.32318 , 0.00151553
2.20405 , 0.00146267
2.0145 , 0.000874937
1.81167 , 0.00118302
1.61543 , 0.00148316
1.43759 , 0.00145619
1.28326 , 0.00138012
1.15172 , 0.00146625
1.04198 , 0.000953256
0.948233 , 0.000909384
0.872815 , 0.000929579
0.811075 , 0.000781427
0.759024 , 0.000668101
0.719654 , 0.000413312
0.687713 , 0.000689831
0.662792 , 0.000712606
0.645687 , 0.00090711
0.634803 , 0.00079523
0.62958 , 0.000865562
0.628692 , 0.000812024
0.63374 , 0.000751161
0.644807 , 0.0006715
0.65962 , 0.000820522
0.680266 , 0.000762694
0.706416 , 0.000723967
0.735708 , 0.000746844
0.769407 , 0.000935231
0.806647 , 0.000692296
0.845961 , 0.000830122
0.885473 , 0.000806636
0.925058 , 0.000672616
0.965385 , 0.000522125
1.00407 , 0.000839625
1.04037 , 0.000719027
1.0731 , 0.000807754
1.10356 , 0.000794375
1.12827 , 0.000878628
1.14718 , 0.000845787
1.15705 , 0.000798031
1.15856 , 0.000611407
1.1527 , 0.000602247
1.14118 , 0.000731901
1.12081 , 0.00082322
1.09826 , 0.000765022
1.07328 , 0.000896353
1.04612 , 0.000763328
1.0196 , 0.000768179
0.993158 , 0.000798407
0.968486 , 0.000755314
0.945552 , 0.000598106
0.924563 , 0.000650205
0.906985 , 0.000704654
0.892342 , 0.000539182
0.88086 , 0.000619726
0.872369 , 0.00061967
0.859511 , 0.000472677
0.851332 , 0.000466735
0.850981 , 0.000457221

20
0 , 0
0 , 0
0 , 0
0 , 0
0 , 0
0 , 0
0 , 0
0 , 0
0 , 0
0 , 0
0 , 0
0 , 0
0 , 0
0 , 0
0 , 0
0 , 0
0 , 0
0 , 0
0 , 0
0 , 0
0 , 0
0 , 0
0 , 0
0 , 0
0 , 0
0 , 0
0 , 0
0 , 0
0 , 0
0 , 0
0 , 0
0 , 0
9.17052e-07 , 9.17052e-07
9.09424e-06 , 2.62669e-06
0.0011032 , 3.54662e-05
0.0216331 , 0.000135561
0.148658 , 0.000453401
0.507754 , 0.00128005
1.08382 , 0.0018254
1.68614 , 0.00196453
2.12302 , 0.00174866
2.32291 , 0.00114379
2.32385 , 0.00158599
2.20332 , 0.00156602
2.01462 , 0.000839753
1.81172 , 0.00112343
1.61545 , 0.00140712
1.43764 , 0.00138215
1.28287 , 0.0013649
1.15139 , 0.00143001
1.04161 , 0.000975538
0.947843 , 0.000946509
0.87285 , 0.000882547
0.810774 , 0.000800314
0.759024 , 0.000633816
0.719606 , 0.000395044
0.687641 , 0.00065832
0.662702 , 0.000681976
0.645545 , 0.000872217
0.634586 , 0.000784821
0.62947 , 0.000828419
0.628516 , 0.000790142
0.633788 , 0.000714237
0.644804 , 0.000637048
0.659751 , 0.00078934
0.680444 , 0.000745032
0.706562 , 0.000702146
0.735989 , 0.000762055
0.769544 , 0.000897718
0.806915 , 0.000709211
0.846059 , 0.000793499
0.8858 , 0.000832322
0.925202 , 0.000653948
0.96559 , 0.00053611
1.00401 , 0.000798462
1.04042 , 0.000683767
1.07324 , 0.000779023
1.10353 , 0.000754274
1.12809 , 0.000852627
1.14718 , 0.0008024
1.15684 , 0.000785699
1.15854 , 0.000580518
1.15245 , 0.000622086
1.14126 , 0.000698504
1.12085 , 0.000782013
1.09819 , 0.000728893
1.07324 , 0.000851152
1.04619 , 0.000727458
1.01967 , 0.000731701
0.993177 , 0.000757673
0.968396 , 0.000722145
0.945506 , 0.000569288
0.92457 , 0.000616878
0.906971 , 0.000668636
0.892338 , 0.000511532
0.880863 , 0.000587928
0.872337 , 0.000588709
0.859355 , 0.000474925
0.851257 , 0.000449027
0.850825 , 0.000461088

21
0 , 0
0 , 0
0 , 0
0 , 0
0 , 0
0 , 0
0 , 0
0 , 0
0 , 0
0 , 0
0 , 0
0 , 0
0 , 0
0 , 0
0 , 0
0 , 0
0 , 0
0 , 0
0 , 0
0 , 0
0 , 0
0 , 0
0 , 0
0 , 0
0 , 0
0 , 0
0 , 0
0 , 0
0 , 0
0 , 0
0 , 0
0 , 0
8.73383e-07 , 8.73383e-07
9.89849e-06 , 2.62473e-06
0.00110256 , 3.37412e-05
0.0216209 , 0.000129521
0.148635 , 0.000431891
0.508095 , 0.0012645
1.08407 , 0.00175417
1.68669 , 0.0019463
2.12339 , 0.00170372
2.3235 , 0.00124037
2.32346 , 0.00155867
2.20305 , 0.00151348
2.01483 , 0.000824745
1.81136 , 0.00112655
1.61511 , 0.00138153
1.43738 , 0.0013397
1.28263 , 0.00132058
1.15127 , 0.0013647
1.04132 , 0.000971256
0.947892 , 0.000901646
0.872858 , 0.000839508
0.810726 , 0.000762744
0.759176 , 0.000621786
0.719574 , 0.000377128
0.687781 , 0.00064147
0.662753 , 0.00065067
0.645369 , 0.000848051
0.634562 , 0.000746915
0.629539 , 0.000790971
0.628709 , 0.00077572
0.633793 , 0.000679391
0.644771 , 0.000606868
0.65963 , 0.000760542
0.680209 , 0.000746424
0.706414 , 0.000683985
0.735885 , 0.000732274
0.769415 , 0.000863625
0.806881 , 0.000675461
0.846082 , 0.000755123
0.88609 , 0.000843014
0.92528 , 0.000626965
0.965884 , 0.000588613
1.00446 , 0.000884765
1.04055 , 0.000663178
1.07339 , 0.000755229
1.10385 , 0.000786533
1.12808 , 0.000811219
1.14709 , 0.000767735
1.15668 , 0.000762972
1.15858 , 0.000554025
1.15241 , 0.000593214
1.14115 , 0.0006743
1.12084 , 0.000743879
1.098 , 0.000718211
1.07313 , 0.000817615
1.04604 , 0.000708136
1.01955 , 0.000705019
0.993164 , 0.000720815
0.968377 , 0.000687175
0.945568 , 0.000544991
0.924479 , 0.000593844
0.907007 , 0.000637006
0.8923 , 0.000488057
0.880962 , 0.000567934
0.872306 , 0.000560846
0.859292 , 0.000456108
0.851254 , 0.000427121
0.850801 , 0.00043924

22
0 , 0
0 , 0
0 , 0
0 , 0
0 , 0
0 , 0
0 , 0
0 , 0
0 , 0
0 , 0
0 , 0
0 , 0
0 , 0
0 , 0
0 , 0
0 , 0
0 , 0
0 , 0
0 , 0
0 , 0
0 , 0
0 , 0
0 , 0
0 , 0
0 , 0
0 , 0
0 , 0
0 , 0
0 , 0
0 , 0
0 , 0
0 , 0
8.33684e-07 , 8.33684e-07
9.44856e-06 , 2.54271e-06
0.00110272 , 3.21714e-05
0.0215791 , 0.000130376
0.148567 , 0.000417408
0.508368 , 0.00123598
1.0845 , 0.00172753
1.68673 , 0.00185619
2.12322 , 0.00163278
2.32359 , 0.00118591
2.32332 , 0.00149249
2.20291 , 0.00144975
2.0145 , 0.000854246
1.81087 , 0.00117971
1.61479 , 0.00135429
1.43731 , 0.00127907
1.28256 , 0.0012609
1.15086 , 0.00136424
1.04106 , 0.000963458
0.947904 , 0.000859767
0.872872 , 0.000800567
0.810716 , 0.000727313
0.759389 , 0.000629931
0.719745 , 0.000398444
0.687847 , 0.000615177
0.663122 , 0.000721996
0.645682 , 0.000867026
0.634726 , 0.000730861
0.629658 , 0.000763566
0.628783 , 0.000743329
0.634024 , 0.000687805
0.644864 , 0.000586089
0.659673 , 0.000726397
0.680384 , 0.000732817
0.706249 , 0.000672843
0.736006 , 0.000708711
0.76928 , 0.000834453
0.806555 , 0.000721681
0.846092 , 0.000720051
0.88609 , 0.000803783
0.925268 , 0.000597901
0.965886 , 0.000561223
1.00441 , 0.000845059
1.04036 , 0.000659181
1.07331 , 0.000724701
1.10369 , 0.000768033
1.12774 , 0.000844715
1.14696 , 0.000744336
1.15644 , 0.00076789
1.15873 , 0.000550147
1.15234 , 0.000569552
1.14123 , 0.000647855
1.12074 , 0.000716628
1.09806 , 0.000687296
1.07323 , 0.000786907
1.04622 , 0.000697484
1.01968 , 0.000683995
0.993362 , 0.000715217
0.968506 , 0.000667786
0.945687 , 0.000533202
0.924445 , 0.000567197
0.907147 , 0.000623407
0.892372 , 0.000470978
0.881122 , 0.000564686
0.872364 , 0.00053785
0.859332 , 0.000436686
0.85142 , 0.000439757
0.850817 , 0.000419125

23
0 , 0
0 , 0
0 , 0
0 , 0
0 , 0
0 , 0
0 , 0
0 , 0
0 , 0
0 , 0
0 , 0
0 , 0
0 , 0
0 , 0
0 , 0
0 , 0
0 , 0
0 , 0
0 , 0
0 , 0
0 , 0
0 , 0
0 , 0
0 , 0
0 , 0
0 , 0
0 , 0
0 , 0
0 , 0
0 , 0
0 , 0
0 , 0
7.97437e-07 , 7.97437e-07
1.09206e-05 , 2.8408e-06
0.00110678 , 3.10083e-05
0.0215922 , 0.000125269
0.148546 , 0.000399383
0.508444 , 0.00118348
1.08469 , 0.00166147
1.68676 , 0.00177387
2.12318 , 0.00156069
2.32346 , 0.00114028
2.32321 , 0.0014305
2.20298 , 0.00138667
2.01431 , 0.00083737
1.811 , 0.00113385
1.61498 , 0.00130741
1.43718 , 0.00122916
1.28254 , 0.00120519
1.15079 , 0.00130598
1.04089 , 0.000936097
0.947758 , 0.000834474
0.8728 , 0.000768373
0.810674 , 0.00069624
0.75936 , 0.000602605
0.719922 , 0.000419781
0.68804 , 0.000618927
0.663137 , 0.000690044
0.645676 , 0.000828496
0.634609 , 0.000708056
0.62976 , 0.000736629
0.628891 , 0.000718541
0.634142 , 0.000667755
0.645005 , 0.000577502
0.659526 , 0.000709382
0.680214 , 0.000720586
0.706206 , 0.00064437
0.73615 , 0.00069231
0.769218 , 0.000799718
0.806603 , 0.000691247
0.846387 , 0.000748683
0.886156 , 0.000770877
0.9254 , 0.000586187
0.965957 , 0.000540933
1.00427 , 0.000819647
1.04051 , 0.000646747
1.07336 , 0.000694188
1.1035 , 0.000756967
1.1277 , 0.000807987
1.14675 , 0.00074033
1.15635 , 0.000738955
1.15851 , 0.000572538
1.15206 , 0.000611262
1.1411 , 0.000632115
1.12069 , 0.000686943
1.09794 , 0.000668251
1.07306 , 0.000772082
1.04624 , 0.000666741
1.01967 , 0.00065365
0.993332 , 0.000684045
0.968618 , 0.000647955
0.945745 , 0.000512711
0.924647 , 0.000578395
0.907295 , 0.000613816
0.892459 , 0.000458301
0.881295 , 0.000566731
0.872484 , 0.000527767
0.859508 , 0.000452922
0.851538 , 0.000436626
0.850897 , 0.000408475

24
0 , 0
0 , 0
0 , 0
0 , 0
0 , 0
0 , 0
0 , 0
0 , 0
0 , 0
0 , 0
0 , 0
0 , 0
0 , 0
0 , 0
0 , 0
0 , 0
0 , 0
0 , 0
0 , 0
0 , 0
0 , 0
0 , 0
0 , 0
0 , 0
0 , 0
0 , 0
0 , 0
0 , 0
0 , 0
0 , 0
0 , 0
0 , 0
7.6421e-07 , 7.6421e-07
1.04656e-05 , 2.75766e-06
0.0011129 , 3.03115e-05
0.0216081 , 0.000120988
0.148425 , 0.000401015
0.508349 , 0.00113707
1.08492 , 0.00160711
1.68699 , 0.00171467
2.12298 , 0.0015077
2.32315 , 0.00113503
2.32315 , 0.00137074
2.20293 , 0.00132854
2.01443 , 0.000810975
1.81065 , 0.00114045
1.61519 , 0.00127005
1.4371 , 0.00117953
1.28244 , 0.00115798
1.15068 , 0.00125492
1.04099 , 0.000901938
0.947919 , 0.000815084
0.87268 , 0.000745331
0.81084 , 0.00068678
0.759377 , 0.000577184
0.719803 , 0.000419185
0.687949 , 0.000599564
0.663176 , 0.000661864
0.645823 , 0.00080679
0.6347 , 0.000683979
0.629997 , 0.000744212
0.628877 , 0.000688095
0.634368 , 0.000678184
0.645052 , 0.000554872
0.659674 , 0.000695045
0.680314 , 0.000697127
0.706277 , 0.000621081
0.736112 , 0.000663935
0.769137 , 0.000769907
0.806523 , 0.000666551
0.846268 , 0.000726559
0.886023 , 0.000749887
0.925194 , 0.000597631
0.965884 , 0.000522986
1.00412 , 0.000799287
1.04029 , 0.00065764
1.07315 , 0.000694227
1.1035 , 0.000724741
1.12753 , 0.000791274
1.14675 , 0.000708813
1.15635 , 0.000707498
1.15865 , 0.000566531
1.15213 , 0.000588904
1.14112 , 0.000605529
1.12089 , 0.00068901
1.09805 , 0.00065015
1.07307 , 0.000739331
1.04624 , 0.000638401
1.01954 , 0.000639441
0.99329 , 0.000656281
0.968757 , 0.000635685
0.94581 , 0.000495238
0.924832 , 0.00058381
0.907381 , 0.000593925
0.892572 , 0.000453163
0.881337 , 0.000544204
0.872562 , 0.000511301
0.859562 , 0.000437087
0.851452 , 0.000426951
0.850867 , 0.000392297

25
0 , 0
0 , 0
0 , 0
0 , 0
0 , 0
0 , 0
0 , 0
0 , 0
0 , 0
0 , 0
0 , 0
0 , 0
0 , 0
0 , 0
0 , 0
0 , 0
0 , 0
0 , 0
0 , 0
0 , 0
0 , 0
0 , 0
0 , 0
0 , 0
0 , 0
0 , 0
0 , 0
0 , 0
0 , 0
0 , 0
0 , 0
0 , 0
7.33642e-07 , 7.33642e-07
1.0047e-05 , 2.67797e-06
0.00110148 , 3.12346e-05
0.0215728 , 0.00012131
0.148321 , 0.000398476
0.508172 , 0.00110491
1.08456 , 0.00158277
1.68681 , 0.00165527
2.1229 , 0.00144829
2.32288 , 0.00112352
2.3231 , 0.00131561
2.20324 , 0.00131201
2.01476 , 0.000845625
1.81048 , 0.00110568
1.61536 , 0.00122992
1.43698 , 0.0011376
1.28253 , 0.00111458
1.15085 , 0.00121639
1.04098 , 0.000865139
0.94785 , 0.000784913
0.872717 , 0.000715826
0.810893 , 0.000660908
0.75948 , 0.000563097
0.719822 , 0.000402495
0.68811 , 0.000597194
0.663393 , 0.000670752
0.6458 , 0.000774184
0.634808 , 0.000664896
0.630027 , 0.00071443
0.628773 , 0.000668178
0.634339 , 0.000651181
0.644856 , 0.000566854
0.659631 , 0.000668015
0.680157 , 0.000686913
0.706261 , 0.000595932
0.735981 , 0.000650201
0.769038 , 0.000745095
0.80649 , 0.000640206
0.846152 , 0.000706524
0.885919 , 0.000726761
0.925153 , 0.00057473
0.965849 , 0.000502886
1.00402 , 0.000772742
1.04028 , 0.00063089
1.07318 , 0.000666382
1.1036 , 0.000701753
1.12771 , 0.00077911
1.14673 , 0.000680227
1.15628 , 0.000682576
1.15862 , 0.000544102
1.15223 , 0.000574277
1.14118 , 0.000583865
1.12105 , 0.000680085
1.09807 , 0.000623879
1.07306 , 0.000709166
1.04646 , 0.000649861
1.0196 , 0.000616239
0.993414 , 0.00064152
0.968923 , 0.000631847
0.945729 , 0.000481957
0.924867 , 0.000561096
0.907448 , 0.000573637
0.892619 , 0.000437173
0.881423 , 0.000529041
0.872523 , 0.000491944
0.859554 , 0.00041932
0.851365 , 0.000418616
0.850865 , 0.000376281

26
0 , 0
0 , 0
0 , 0
0 , 0
0 , 0
0 , 0
0 , 0
0 , 0
0 , 0
0 , 0
0 , 0
0 , 0
0 , 0
0 , 0
0 , 0
0 , 0
0 , 0
0 , 0
0 , 0
0 , 0
0 , 0
0 , 0
0 , 0
0 , 0
0 , 0
0 , 0
0 , 0
0 , 0
0 , 0
0 , 0
0 , 0
0 , 0
7.05425e-07 , 7.05425e-07
9.66055e-06 , 2.60177e-06
0.00110733 , 3.05739e-05
0.0215214 , 0.000127394
0.148317 , 0.000382865
0.508146 , 0.00106189
1.08422 , 0.00155683
1.68643 , 0.00163382
2.12253 , 0.00144001
2.32315 , 0.00111401
2.32297 , 0.00127143
2.20328 , 0.00126122
2.01481 , 0.000813921
1.81068 , 0.00107995
1.61592 , 0.00130617
1.43701 , 0.00109325
1.28254 , 0.00107087
1.15099 , 0.0011768
1.04104 , 0.000833111
0.947961 , 0.000762371
0.872783 , 0.000690919
0.810859 , 0.000635875
0.759628 , 0.000560951
0.719882 , 0.000391316
0.688025 , 0.000580057
0.663273 , 0.000655485
0.645659 , 0.000757118
0.634738 , 0.000642629
0.630042 , 0.000686567
0.628721 , 0.000644073
0.634277 , 0.000628638
0.644811 , 0.00054651
0.659512 , 0.000652862
0.680049 , 0.000668769
0.706149 , 0.000583409
0.735754 , 0.000664505
0.768918 , 0.000725879
0.806453 , 0.000616196
0.84609 , 0.000681622
0.885852 , 0.000701468
0.925329 , 0.000579634
0.965957 , 0.000495171
1.00407 , 0.000743962
1.04044 , 0.000626956
1.07331 , 0.000652458
1.10367 , 0.000677691
1.12779 , 0.000752795
1.1467 , 0.000654157
1.15632 , 0.000657046
1.15871 , 0.000530094
1.15223 , 0.000551748
1.14107 , 0.000570543
1.12097 , 0.000658974
1.09804 , 0.000600127
1.07308 , 0.00068158
1.0464 , 0.000626984
1.01965 , 0.000594138
0.993431 , 0.00061659
0.969054 , 0.000621042
0.945674 , 0.000466329
0.924978 , 0.00055032
0.907433 , 0.000551344
0.892636 , 0.000420346
0.88142 , 0.000508293
0.872522 , 0.000472647
0.859547 , 0.000402936
0.851366 , 0.000402195
0.850804 , 0.000366621

27
0 , 0
0 , 0
0 , 0
0 , 0
0 , 0
0 , 0
0 , 0
0 , 0
0 , 0
0 , 0
0 , 0
0 , 0
0 , 0
0 , 0
0 , 0
0 , 0
0 , 0
0 , 0
0 , 0
0 , 0
0 , 0
0 , 0
0 , 0
0 , 0
0 , 0
0 , 0
0 , 0
0 , 0
0 , 0
0 , 0
0 , 0
0 , 0
6.79298e-07 , 6.79298e-07
9.62354e-06 , 2.50383e-06
0.00110152 , 2.99884e-05
0.0215376 , 0.000123651
0.148462 , 0.000395886
0.508474 , 0.00107313
1.08427 , 0.00149892
1.68649 , 0.00157327
2.12259 , 0.00138663
2.32286 , 0.00111146
2.32309 , 0.00122972
2.20309 , 0.00122873
2.01509 , 0.000830282
1.81054 , 0.00104864
1.61587 , 0.00125796
1.43678 , 0.00107549
1.28249 , 0.0010315
1.15079 , 0.00115019
1.04093 , 0.000808623
0.947946 , 0.000733758
0.872588 , 0.00069293
0.810725 , 0.000626372
0.759671 , 0.000541499
0.719865 , 0.000376919
0.688047 , 0.000558612
0.663133 , 0.000646083
0.645769 , 0.000736736
0.63484 , 0.000626655
0.630011 , 0.000661386
0.628853 , 0.000633715
0.634438 , 0.000625978
0.644872 , 0.000529384
0.659703 , 0.000656615
0.680056 , 0.000643569
0.706097 , 0.000563848
0.735915 , 0.000659199
0.768975 , 0.000700756
0.806549 , 0.000600579
0.846039 , 0.000657852
0.885984 , 0.0006878
0.925507 , 0.000585578
0.965987 , 0.000477446
1.00408 , 0.00071596
1.04044 , 0.000603288
1.07342 , 0.000638026
1.1036 , 0.000655114
1.12769 , 0.000730757
1.14654 , 0.000651288
1.15618 , 0.000648078
1.15865 , 0.000513398
1.15206 , 0.000557736
1.14102 , 0.000551623
1.12096 , 0.000634142
1.09792 , 0.000590101
1.07298 , 0.000664181
1.04634 , 0.000606288
1.0196 , 0.000573587
0.993405 , 0.000593875
0.969004 , 0.000599717
0.945603 , 0.00045428
0.924958 , 0.000529937
0.907374 , 0.000533862
0.892687 , 0.000407664
0.881344 , 0.000495023
0.872573 , 0.000457616
0.859656 , 0.00040282
0.851412 , 0.000389774
0.850925 , 0.000372886

28
0 , 0
0 , 0
0 , 0
0 , 0
0 , 0
0 , 0
0 , 0
0 , 0
0 , 0
0 , 0
0 , 0
0 , 0
0 , 0
0 , 0
0 , 0
0 , 0
0 , 0
0 , 0
0 , 0
0 , 0
0 , 0
0 , 0
0 , 0
0 , 0
0 , 0
0 , 0
0 , 0
0 , 0
0 , 0
0 , 0
0 , 0
0 , 0
6.55037e-07 , 6.55037e-07
9.58917e-06 , 2.41299e-06
0.00111309 , 3.11293e-05
0.0215343 , 0.000119198
0.148472 , 0.000381614
0.508405 , 0.00103634
1.08429 , 0.00144444
1.68605 , 0.00158053
2.12223 , 0.00138207
2.32304 , 0.00108583
2.32307 , 0.00118517
2.20319 , 0.00118856
2.01513 , 0.000800963
1.81073 , 0.00102901
1.61598 , 0.00121713
1.43696 , 0.00105025
1.2827 , 0.00101482
1.15089 , 0.00111288
1.04085 , 0.00078368
0.948067 , 0.00071746
0.872549 , 0.000668828
0.810578 , 0.00062125
0.759752 , 0.000528032
0.719862 , 0.000363215
0.688011 , 0.000539517
0.663202 , 0.000626334
0.645681 , 0.000715294
0.634743 , 0.000611649
0.630079 , 0.00064097
0.628857 , 0.000610672
0.634283 , 0.000622923
0.644896 , 0.00051071
0.659827 , 0.00064474
0.680014 , 0.000621608
0.706032 , 0.00054719
0.735915 , 0.00063522
0.76901 , 0.000676169
0.806598 , 0.0005808
0.846038 , 0.000633925
0.88587 , 0.000672525
0.925459 , 0.000566379
0.965919 , 0.000465109
1.00397 , 0.000699209
1.04037 , 0.000585071
1.07343 , 0.000614864
1.10357 , 0.000632008
1.12768 , 0.000704306
1.14643 , 0.000637002
1.1561 , 0.000629303
1.15873 , 0.000500155
1.15204 , 0.000537825
1.14105 , 0.0005322
1.12114 , 0.00063638
1.09802 , 0.000577105
1.07319 , 0.000674385
1.04659 , 0.000631955
1.0198 , 0.000587273
0.993598 , 0.000603877
0.969137 , 0.000593166
0.945668 , 0.000442651
0.924982 , 0.000511257
0.907462 , 0.000522029
0.892727 , 0.00039492
0.881308 , 0.000478401
0.872466 , 0.000453658
0.859455 , 0.000437025
0.851292 , 0.000394463
0.850782 , 0.000386678

29
0 , 0
0 , 0
0 , 0
0 , 0
0 , 0
0 , 0
0 , 0
0 , 0
0 , 0
0 , 0
0 , 0
0 , 0
0 , 0
0 , 0
0 , 0
0 , 0
0 , 0
0 , 0
0 , 0
0 , 0
0 , 0
0 , 0
0 , 0
0 , 0
0 , 0
0 , 0
0 , 0
0 , 0
0 , 0
0 , 0
0 , 0
0 , 0
6.3245e-07 , 6.3245e-07
9.25851e-06 , 2.35166e-06
0.00111822 , 3.04709e-05
0.0214882 , 0.000123917
0.148548 , 0.000376084
0.508689 , 0.00103953
1.08438 , 0.00139665
1.68593 , 0.00152961
2.12237 , 0.00134089
2.32289 , 0.00105851
2.32298 , 0.00114697
2.20291 , 0.00118063
2.01521 , 0.00077699
1.81077 , 0.000993624
1.61597 , 0.00117443
1.43679 , 0.00102706
1.28268 , 0.000979389
1.15096 , 0.00107576
1.04089 , 0.000757389
0.948076 , 0.000692335
0.872528 , 0.000645693
0.810615 , 0.000600568
0.75976 , 0.00050956
0.719851 , 0.000350647
0.687999 , 0.00052072
0.663162 , 0.000605661
0.645774 , 0.000696405
0.634787 , 0.000591816
0.630061 , 0.000618746
0.62884 , 0.000589459
0.634433 , 0.000619629
0.644966 , 0.000497732
0.659893 , 0.000625606
0.680089 , 0.000604523
0.706102 , 0.000532584
0.735894 , 0.000613281
0.769195 , 0.000678381
0.806705 , 0.000570565
0.846066 , 0.00061233
0.885948 , 0.000653585
0.925503 , 0.000548273
0.965828 , 0.000458007
1.00402 , 0.000676788
1.04031 , 0.00056834
1.07328 , 0.000612389
1.10339 , 0.000638485
1.12753 , 0.000696674
1.14618 , 0.000664144
1.15597 , 0.000620587
1.15852 , 0.000525182
1.15209 , 0.000520944
1.14091 , 0.000529952
1.12113 , 0.000614065
1.09813 , 0.000567196
1.07324 , 0.000652384
1.0466 , 0.000609896
1.01986 , 0.000569628
0.993577 , 0.000583065
0.969124 , 0.00057249
0.945818 , 0.000452588
0.925103 , 0.00050779
0.907551 , 0.000511515
0.892692 , 0.000382643
0.881321 , 0.000461808
0.872511 , 0.000440012
0.859572 , 0.000437502
0.851366 , 0.000387752
0.850854 , 0.000379873

30
0 , 0
0 , 0
0 , 0
0 , 0
0 , 0
0 , 0
0 , 0
0 , 0
0 , 0
0 , 0
0 , 0
0 , 0
0 , 0
0 , 0
0 , 0
0 , 0
0 , 0
0 , 0
0 , 0
0 , 0
0 , 0
0 , 0
0 , 0
0 , 0
0 , 0
0 , 0
0 , 0
0 , 0
0 , 0
0 , 0
0 , 0
0 , 0
6.11368e-07 , 6.11368e-07
8.94989e-06 , 2.29279e-06
0.00112628 , 3.05215e-05
0.0214573 , 0.000123636
0.148397 , 0.000393739
0.508517 , 0.00101896
1.08418 , 0.00136353
1.68603 , 0.00148101
2.12221 , 0.00130587
2.32274 , 0.00103227
2.32294 , 0.00110908
2.20314 , 0.00116367
2.01544 , 0.000786456
1.81095 , 0.000975678
1.6161 , 0.00114172
1.43719 , 0.00106935
1.28247 , 0.000967529
1.15117 , 0.00106022
1.04097 , 0.000736452
0.948027 , 0.000670674
0.87251 , 0.000624061
0.810694 , 0.000585593
0.759712 , 0.000494622
0.719806 , 0.000341826
0.68812 , 0.000517391
0.663174 , 0.000585259
0.645808 , 0.000673628
0.634848 , 0.000574987
0.629989 , 0.000602065
0.628853 , 0.00056961
0.634447 , 0.000598781
0.644884 , 0.000487865
0.659915 , 0.000604795
0.680018 , 0.000588398
0.70596 , 0.000533599
0.735949 , 0.000595032
0.769168 , 0.00065595
0.806662 , 0.000552875
0.845951 , 0.000602694
0.885813 , 0.000645659
0.925466 , 0.000530938
0.96581 , 0.000442818
1.0039 , 0.00066508
1.04026 , 0.000551249
1.07323 , 0.000593244
1.10337 , 0.000617136
1.12749 , 0.000674268
1.14609 , 0.000647324
1.15592 , 0.000601395
1.1585 , 0.000507786
1.1521 , 0.000503553
1.14093 , 0.000512234
1.12133 , 0.000625786
1.09836 , 0.000596044
1.07337 , 0.00064421
1.04685 , 0.000638993
1.01998 , 0.000564059
0.993627 , 0.000565518
0.969122 , 0.000553083
0.94585 , 0.000438402
0.92511 , 0.000490625
0.907505 , 0.0004963
0.892702 , 0.000369787
0.8813 , 0.000446635
0.872452 , 0.000429163
0.859544 , 0.000423593
0.851354 , 0.000374785
0.85086 , 0.000367056

31
0 , 0
0 , 0
0 , 0
0 , 0
0 , 0
0 , 0
0 , 0
0 , 0
0 , 0
0 , 0
0 , 0
0 , 0
0 , 0
0 , 0
0 , 0
0 , 0
0 , 0
0 , 0
0 , 0
0 , 0
0 , 0
0 , 0
0 , 0
0 , 0
0 , 0
0 , 0
0 , 0
0 , 0
0 , 0
0 , 0
0 , 0
0 , 0
5.91647e-07 , 5.91647e-07
8.94058e-06 , 2.21761e-06
0.00113382 , 3.04685e-05
0.021485 , 0.000122746
0.148403 , 0.000380874
0.50864 , 0.000993175
1.08435 , 0.00133022
1.68584 , 0.00144451
2.12195 , 0.00128874
2.32285 , 0.00100391
2.32274 , 0.00109035
2.20264 , 0.00123117
2.01531 , 0.000772528
1.81059 , 0.00100851
1.61601 , 0.00110747
1.43728 , 0.00103879
1.2826 , 0.000944022
1.15122 , 0.00102673
1.04107 , 0.000718581
0.948183 , 0.00066726
0.872623 , 0.000614083
0.810642 , 0.000568775
0.759717 , 0.00047843
0.719934 , 0.000354787
0.688187 , 0.00050489
0.663195 , 0.000566448
0.645869 , 0.000654425
0.634899 , 0.000558511
0.629991 , 0.000582324
0.62892 , 0.000554937
0.634508 , 0.000582327
0.644869 , 0.000472081
0.659907 , 0.000585013
0.68001 , 0.000569162
0.705909 , 0.000518702
0.735933 , 0.000575746
0.769222 , 0.000636721
0.806631 , 0.000535633
0.845945 , 0.000582955
0.885756 , 0.000627101
0.925474 , 0.000513583
0.965869 , 0.00043228
1.00389 , 0.000643394
1.04019 , 0.000537025
1.07319 , 0.000575283
1.10335 , 0.000597135
1.12737 , 0.000662138
1.14599 , 0.000634276
1.15595 , 0.000582223
1.15843 , 0.000495939
1.15216 , 0.000490243
1.14084 , 0.000502982
1.12138 , 0.000607355
1.09835 , 0.000576587
1.07331 , 0.000626357
1.0469 , 0.000620754
1.02003 , 0.000547946
0.993601 , 0.000547596
0.969074 , 0.00053712
0.945712 , 0.000445984
0.925095 , 0.000474784
0.907452 , 0.000483
0.892678 , 0.000358414
0.881342 , 0.000434
0.872423 , 0.000416098
0.859559 , 0.000409968
0.851439 , 0.000372356
0.850936 , 0.000363028

32
0 , 0
0 , 0
0 , 0
0 , 0
0 , 0
0 , 0
0 , 0
0 , 0
0 , 0
0 , 0
0 , 0
0 , 0
0 , 0
0 , 0
0 , 0
0 , 0
0 , 0
0 , 0
0 , 0
0 , 0
0 , 0
0 , 0
0 , 0
0 , 0
0 , 0
0 , 0
0 , 0
0 , 0
0 , 0
0 , 0
0 , 0
0 , 0
5.73158e-07 , 5.73158e-07
9.47317e-06 , 2.21226e-06
0.00113296 , 2.95138e-05
0.0214702 , 0.000119765
0.148352 , 0.000372312
0.508369 , 0.000998889
1.08392 , 0.00135911
1.68549 , 0.00144197
2.1218 , 0.00125761
2.32256 , 0.00101379
2.32292 , 0.00107119
2.20291 , 0.00122162
2.01562 , 0.00081075
1.811 , 0.00105931
1.61619 , 0.00108646
1.43737 , 0.00100948
1.28282 , 0.000939547
1.15147 , 0.00102663
1.04122 , 0.000711884
0.948194 , 0.000646161
0.87281 , 0.000623375
0.810623 , 0.000551038
0.759732 , 0.000463486
0.719928 , 0.000343577
0.688076 , 0.000501368
0.663132 , 0.000552095
0.645876 , 0.000633686
0.634795 , 0.000550777
0.62989 , 0.000572864
0.62902 , 0.000546646
0.634503 , 0.000563861
0.644813 , 0.000460541
0.65991 , 0.000566443
0.680011 , 0.00055109
0.705772 , 0.000520482
0.73581 , 0.000570833
0.769033 , 0.000644908
0.80651 , 0.000532524
0.845708 , 0.000612336
0.885581 , 0.000631928
0.92536 , 0.000510108
0.965751 , 0.000434963
1.00393 , 0.000624564
1.04032 , 0.000535212
1.07321 , 0.000557351
1.10343 , 0.000583228
1.12739 , 0.00064155
1.146 , 0.000614344
1.156 , 0.00056633
1.15846 , 0.00048105
1.15223 , 0.000480366
1.14094 , 0.000495689
1.12149 , 0.000598923
1.09847 , 0.000571144
1.07339 , 0.000611837
1.04702 , 0.0006115
1.02008 , 0.000532267
0.993675 , 0.000535444
0.969099 , 0.000520669
0.945801 , 0.000440868
0.925048 , 0.000462077
0.907407 , 0.000469804
0.892645 , 0.000348669
0.881318 , 0.000420916
0.872354 , 0.000408632
0.859475 , 0.000405661
0.851492 , 0.000364276
0.850958 , 0.000352158

33
0 , 0
0 , 0
0 , 0
0 , 0
0 , 0
0 , 0
0 , 0
0 , 0
0 , 0
0 , 0
0 , 0
0 , 0
0 , 0
0 , 0
0 , 0
0 , 0
0 , 0
0 , 0
0 , 0
0 , 0
0 , 0
0 , 0
0 , 0
0 , 0
0 , 0
0 , 0
0 , 0
0 , 0
0 , 0
0 , 0
0 , 0
0 , 0
5.55789e-07 , 5.55789e-07
9.71102e-06 , 2.15733e-06
0.0011314 , 2.86479e-05
0.0214667 , 0.000116133
0.148377 , 0.000361759
0.508491 , 0.000975777
1.08428 , 0.00136598
1.68585 , 0.00144305
2.12201 , 0.00123714
2.32289 , 0.0010354
2.32341 , 0.00114843
2.20301 , 0.00118814
2.01533 , 0.000835594
1.81092 , 0.00102982
1.61596 , 0.00107677
1.4371 , 0.00101533
1.2827 , 0.000917713
1.15099 , 0.00110442
1.04123 , 0.000690106
0.948075 , 0.000637545
0.872709 , 0.000612582
0.81047 , 0.000555639
0.759719 , 0.000449404
0.719803 , 0.000355555
0.687896 , 0.000518186
0.662994 , 0.000552702
0.645804 , 0.000618472
0.634717 , 0.000539386
0.629982 , 0.000562909
0.628918 , 0.000539535
0.634541 , 0.000547834
0.644962 , 0.00047048
0.660033 , 0.000562797
0.680293 , 0.000604235
0.705922 , 0.000526325
0.735996 , 0.000583609
0.769268 , 0.000668083
0.806719 , 0.00055665
0.845888 , 0.000620168
0.885728 , 0.000630074
0.925406 , 0.000496511
0.965907 , 0.000449652
1.00396 , 0.000606163
1.04046 , 0.000538126
1.07331 , 0.000548791
1.10339 , 0.000566578
1.12735 , 0.000623654
1.14589 , 0.000605773
1.15599 , 0.000548994
1.15829 , 0.000495509
1.15207 , 0.000494382
1.14073 , 0.00052463
1.12129 , 0.000615758
1.09835 , 0.000566254
1.07325 , 0.000608259
1.04695 , 0.000595867
1.01989 , 0.000548942
0.993584 , 0.000527017
0.969015 , 0.000511585
0.945707 , 0.000437532
0.925004 , 0.000450003
0.907391 , 0.000455613
0.89268 , 0.000339792
0.881282 , 0.000409515
0.872419 , 0.00040121
0.859455 , 0.00039369
0.851421 , 0.000359985
0.851003 , 0.000344296

34
0 , 0
0 , 0
0 , 0
0 , 0
0 , 0
0 , 0
0 , 0
0 , 0
0 , 0
0 , 0
0 , 0
0 , 0
0 , 0
0 , 0
0 , 0
0 , 0
0 , 0
0 , 0
0 , 0
0 , 0
0 , 0
0 , 0
0 , 0
0 , 0
0 , 0
0 , 0
0 , 0
0 , 0
0 , 0
0 , 0
0 , 0
0 , 0
5.39442e-07 , 5.39442e-07
9.68015e-06 , 2.09314e-06
0.00113451 , 2.79661e-05
0.0214672 , 0.000112667
0.148375 , 0.000350962
0.508346 , 0.000957659
1.08405 , 0.0013453
1.68555 , 0.00143063
2.12196 , 0.00120113
2.32306 , 0.00101874
2.32349 , 0.00111694
2.20308 , 0.00115463
2.01526 , 0.000813557
1.81106 , 0.00100927
1.61604 , 0.00104724
1.43722 , 0.000992836
1.28273 , 0.000890605
1.15115 , 0.00108349
1.04139 , 0.000688169
0.948006 , 0.000622363
0.87284 , 0.000608515
0.810468 , 0.000539052
0.759888 , 0.000467403
0.719812 , 0.000345045
0.687743 , 0.000525466
0.662811 , 0.000566598
0.64562 , 0.000627596
0.634619 , 0.00053241
0.62989 , 0.000553931
0.628888 , 0.000524276
0.634505 , 0.000532648
0.644897 , 0.000461083
0.660029 , 0.000546009
0.680292 , 0.000586196
0.70583 , 0.000518814
0.736037 , 0.000567672
0.769268 , 0.000648136
0.806824 , 0.000550233
0.845862 , 0.000602204
0.88574 , 0.000611377
0.925444 , 0.000483172
0.966035 , 0.000454616
1.00402 , 0.000590581
1.04043 , 0.000523139
1.07339 , 0.000538897
1.10346 , 0.000554563
1.12745 , 0.000614662
1.14581 , 0.000593521
1.156 , 0.000532669
1.15835 , 0.000483822
1.15213 , 0.000483593
1.14071 , 0.000509335
1.12136 , 0.000601048
1.09834 , 0.000549422
1.07323 , 0.000590682
1.04683 , 0.000592031
1.01993 , 0.000534363
0.993527 , 0.000514357
0.968994 , 0.000496748
0.945696 , 0.000424604
0.924965 , 0.000438333
0.9074 , 0.000442086
0.892639 , 0.000332145
0.881253 , 0.000398337
0.872368 , 0.000392462
0.859413 , 0.00038425
0.851415 , 0.000349302
0.851036 , 0.000335614

35
0 , 0
0 , 0
0 , 0
0 , 0
0 , 0
0 , 0
0 , 0
0 , 0
0 , 0
0 , 0
0 , 0
0 , 0
0 , 0
0 , 0
0 , 0
0 , 0
0 , 0
0 , 0
0 , 0
0 , 0
0 , 0
0 , 0
0 , 0
0 , 0
0 , 0
0 , 0
0 , 0
0 , 0
0 , 0
0 , 0
0 , 0
0 , 0
5.2403e-07 , 5.2403e-07
1.0146e-05 , 2.08515e-06
0.0011365 , 2.72286e-05
0.0214717 , 0.000109493
0.148407 , 0.000342214
0.508629 , 0.000972003
1.08409 , 0.00130705
1.68578 , 0.00140783
2.12226 , 0.00120342
2.32307 , 0.000989274
2.32356 , 0.00108683
2.203 , 0.00112372
2.01509 , 0.000809474
1.81086 , 0.00100135
1.61574 , 0.00105899
1.43717 , 0.000965674
1.28248 , 0.000897817
1.151 , 0.00106285
1.04126 , 0.000681592
0.947803 , 0.000637444
0.872789 , 0.000593068
0.81042 , 0.000525662
0.759872 , 0.000454143
0.719855 , 0.000337763
0.687709 , 0.000511335
0.662923 , 0.000561474
0.645563 , 0.000612057
0.634574 , 0.000518964
0.629896 , 0.000537912
0.628975 , 0.000516359
0.63455 , 0.000519146
0.644991 , 0.000457472
0.660174 , 0.000549702
0.680372 , 0.000574806
0.705944 , 0.0005165
0.736239 , 0.000587337
0.769448 , 0.000654762
0.806874 , 0.000536606
0.846051 , 0.000614453
0.885784 , 0.000595266
0.92557 , 0.000485804
0.965982 , 0.000444643
1.00392 , 0.000581939
1.04031 , 0.000521767
1.07336 , 0.000523982
1.10341 , 0.00054095
1.12748 , 0.000597217
1.14581 , 0.000576329
1.15598 , 0.000517544
1.1583 , 0.000472282
1.15215 , 0.000470154
1.14055 , 0.000517562
1.12128 , 0.000588225
1.09834 , 0.000533514
1.07311 , 0.000584918
1.04682 , 0.000574919
1.01987 , 0.000522528
0.993415 , 0.000511913
0.968869 , 0.000498271
0.945569 , 0.00043133
0.924836 , 0.00044476
0.907296 , 0.00044172
0.892562 , 0.0003316
0.881163 , 0.000397194
0.872285 , 0.000390017
0.859489 , 0.00038081
0.851435 , 0.000339777
0.851098 , 0.000331755

36
0 , 0
0 , 0
0 , 0
0 , 0
0 , 0
0 , 0
0 , 0
0 , 0
0 , 0
0 , 0
0 , 0
0 , 0
0 , 0
0 , 0
0 , 0
0 , 0
0 , 0
0 , 0
0 , 0
0 , 0
0 , 0
0 , 0
0 , 0
0 , 0
0 , 0
0 , 0
0 , 0
0 , 0
0 , 0
0 , 0
0 , 0
0 , 0
5.09473e-07 , 5.09473e-07
1.01047e-05 , 2.02683e-06
0.00113589 , 2.64687e-05
0.0214641 , 0.000106679
0.148309 , 0.000346582
0.508485 , 0.000955579
1.08404 , 0.00127118
1.68576 , 0.0013683
2.12218 , 0.00117207
2.32309 , 0.000961576
2.32335 , 0.00107773
2.2029 , 0.00109642
2.01526 , 0.000804653
1.81099 , 0.000981544
1.61553 , 0.00105072
1.43706 , 0.000944002
1.28256 , 0.000875805
1.15106 , 0.00103426
1.04121 , 0.000663874
0.947907 , 0.000628173
0.872797 , 0.000576417
0.81064 , 0.000556335
0.759981 , 0.000454655
0.719954 , 0.000342829
0.687839 , 0.000513604
0.662991 , 0.00054993
0.645596 , 0.000595751
0.634607 , 0.000505408
0.629924 , 0.000523477
0.628982 , 0.000501867
0.63449 , 0.000508115
0.64488 , 0.000458156
0.660022 , 0.000555515
0.680355 , 0.000558868
0.705959 , 0.000502166
0.736069 , 0.00059576
0.769392 , 0.000638818
0.806858 , 0.000521752
0.84601 , 0.000598485
0.885759 , 0.000579038
0.925624 , 0.000475281
0.965908 , 0.00043841
1.00402 , 0.000574223
1.04031 , 0.00050707
1.07333 , 0.000510387
1.10341 , 0.00052571
1.12758 , 0.000589908
1.14584 , 0.000560542
1.15603 , 0.000505512
1.15838 , 0.000466847
1.15234 , 0.00049585
1.14043 , 0.000518509
1.12126 , 0.000572175
1.09834 , 0.000518499
1.07306 , 0.000570692
1.04674 , 0.000563614
1.01979 , 0.000514117
0.993324 , 0.000505716
0.968801 , 0.000488957
0.945568 , 0.000419179
0.924841 , 0.000432258
0.907272 , 0.000429919
0.892624 , 0.000328136
0.881144 , 0.000386448
0.872336 , 0.000382353
0.859497 , 0.000370173
0.851411 , 0.000331057
0.851151 , 0.000326807

37
0 , 0
0 , 0
0 , 0
0 , 0
0 , 0
0 , 0
0 , 0
0 , 0
0 , 0
0 , 0
0 , 0
0 , 0
0 , 0
0 , 0
0 , 0
0 , 0
0 , 0
0 , 0
0 , 0
0 , 0
0 , 0
0 , 0
0 , 0
0 , 0
0 , 0
0 , 0
0 , 0
0 , 0
0 , 0
0 , 0
0 , 0
0 , 0
4.95704e-07 , 4.95704e-07
9.83161e-06 , 1.99011e-06
0.00113884 , 2.59128e-05
0.0214798 , 0.000104934
0.148356 , 0.000340325
0.508709 , 0.000955975
1.08472 , 0.00140912
1.68606 , 0.00136441
2.1225 , 0.00118366
2.32332 , 0.000964529
2.32322 , 0.00105572
2.20282 , 0.00106941
2.01492 , 0.000850633
1.81067 , 0.00100457
1.61516 , 0.00108568
1.43686 , 0.000940885
1.28219 , 0.000927545
1.15106 , 0.00100594
1.04111 , 0.000654535
0.947771 , 0.000625801
0.872676 , 0.000573607
0.810529 , 0.000552399
0.759947 , 0.000443483
0.719872 , 0.000343228
0.687794 , 0.000501549
0.663003 , 0.000534996
0.645592 , 0.000579444
0.63462 , 0.000491752
0.630046 , 0.000523661
0.629048 , 0.000492513
0.634497 , 0.000494235
0.644984 , 0.000457591
0.660109 , 0.000547259
0.680502 , 0.000563084
0.706058 , 0.000498457
0.736203 , 0.000594793
0.769496 , 0.00063
0.80688 , 0.000507953
0.846074 , 0.000585545
0.885827 , 0.000567304
0.925789 , 0.000490666
0.966021 , 0.000441192
1.00403 , 0.00055852
1.0404 , 0.000500612
1.07336 , 0.000497478
1.10347 , 0.000514598
1.12756 , 0.00057413
1.14581 , 0.000545992
1.15596 , 0.000497639
1.15827 , 0.000467742
1.15218 , 0.000508591
1.14033 , 0.000514264
1.12111 , 0.000575832
1.09822 , 0.000518518
1.07295 , 0.000565171
1.04663 , 0.00055911
1.01974 , 0.000503093
0.993359 , 0.000493087
0.968716 , 0.000483143
0.945606 , 0.000409495
0.924805 , 0.000421935
0.907298 , 0.000418917
0.89259 , 0.000320999
0.881115 , 0.000376977
0.872293 , 0.000374335
0.859484 , 0.000360265
0.851458 , 0.000325379
0.85119 , 0.000320172

38
0 , 0
0 , 0
0 , 0
0 , 0
0 , 0
0 , 0
0 , 0
0 , 0
0 , 0
0 , 0
0 , 0
0 , 0
0 , 0
0 , 0
0 , 0
0 , 0
0 , 0
0 , 0
0 , 0
0 , 0
0 , 0
0 , 0
0 , 0
0 , 0
0 , 0
0 , 0
0 , 0
0 , 0
0 , 0
0 , 0
0 , 0
0 , 0
4.82659e-07 , 4.82659e-07
9.80081e-06 , 1.93728e-06
0.00113971 , 2.52364e-05
0.0214771 , 0.000102171
0.148329 , 0.000332372
0.508667 , 0.000931441
1.08482 , 0.00137493
1.68594 , 0.00133392
2.12272 , 0.00117412
2.32347 , 0.000949987
2.32327 , 0.00102881
2.20285 , 0.00104138
2.01494 , 0.000828148
1.81073 , 0.000979322
1.61534 , 0.0010723
1.43688 , 0.000915968
1.28221 , 0.000902914
1.15103 , 0.000979819
1.04101 , 0.000644744
0.947884 , 0.000619469
0.872584 , 0.000565861
0.810463 , 0.0005417
0.75983 , 0.000447212
0.719817 , 0.000338565
0.687729 , 0.000492437
0.662951 , 0.000523319
0.645554 , 0.000565246
0.634532 , 0.000486648
0.629965 , 0.000516038
0.628828 , 0.000527583
0.634467 , 0.000481962
0.645016 , 0.000446517
0.660009 , 0.000541993
0.680381 , 0.000561205
0.706034 , 0.000485776
0.736228 , 0.000579468
0.76945 , 0.000614955
0.806816 , 0.000498473
0.846078 , 0.00056994
0.885764 , 0.000555788
0.925844 , 0.000480754
0.96612 , 0.000440717
1.00418 , 0.000564813
1.0405 , 0.000498532
1.07352 , 0.000508953
1.10362 , 0.000522881
1.12776 , 0.000592601
1.14593 , 0.000546285
1.15602 , 0.0004887
1.15834 , 0.000459956
1.15226 , 0.000500469
1.14026 , 0.000505238
1.12103 , 0.000565863
1.0982 , 0.000505331
1.07286 , 0.000557997
1.04652 , 0.000555928
1.01963 , 0.000501512
0.993229 , 0.000497315
0.968655 , 0.000474242
0.945535 , 0.000404846
0.924873 , 0.00041626
0.907339 , 0.000409887
0.892625 , 0.000314444
0.881065 , 0.000370417
0.872345 , 0.000368022
0.859513 , 0.000351847
0.851368 , 0.000329282
0.851125 , 0.000318247

39
0 , 0
0 , 0
0 , 0
0 , 0
0 , 0
0 , 0
0 , 0
0 , 0
0 , 0
0 , 0
0 , 0
0 , 0
0 , 0
0 , 0
0 , 0
0 , 0
0 , 0
0 , 0
0 , 0
0 , 0
0 , 0
0 , 0
0 , 0
0 , 0
0 , 0
0 , 0
0 , 0
0 , 0
0 , 0
0 , 0
0 , 0
0 , 0
4.70283e-07 , 4.70283e-07
1.02158e-05 , 1.93204e-06
0.00113905 , 2.45895e-05
0.0215079 , 0.000104192
0.148346 , 0.000324201
0.50878 , 0.000914322
1.08512 , 0.00137401
1.68622 , 0.00132976
2.1228 , 0.00114603
2.32352 , 0.000926505
2.32363 , 0.0010628
2.20278 , 0.00101702
2.0149 , 0.000807623
1.81063 , 0.000958451
1.61518 , 0.00105774
1.43656 , 0.000947345
1.28197 , 0.000910617
1.15085 , 0.000971277
1.04087 , 0.000642809
0.947803 , 0.000608778
0.872501 , 0.000557402
0.810446 , 0.000527896
0.759727 , 0.000447576
0.719808 , 0.000329904
0.687722 , 0.000479706
0.662955 , 0.000509736
0.645488 , 0.000554498
0.634512 , 0.000474438
0.63001 , 0.00050461
0.628877 , 0.00051622
0.634551 , 0.00047683
0.645133 , 0.000450507
0.660082 , 0.000532881
0.680418 , 0.000547845
0.706127 , 0.00048224
0.736299 , 0.000568905
0.769547 , 0.000606844
0.806944 , 0.000502081
0.846107 , 0.000555923
0.885823 , 0.000544551
0.925971 , 0.000485132
0.966128 , 0.000429334
1.00417 , 0.000550199
1.04053 , 0.000486223
1.07351 , 0.000495759
1.10354 , 0.000515535
1.12771 , 0.000579313
1.14583 , 0.000541954
1.15588 , 0.000496427
1.15822 , 0.000462722
1.15229 , 0.000488643
1.14012 , 0.000511349
1.12107 , 0.000552441
1.09814 , 0.000495062
1.07287 , 0.000543539
1.04648 , 0.000542761
1.01965 , 0.000489192
0.993191 , 0.000485896
0.968591 , 0.000466347
0.945493 , 0.000396559
0.924842 , 0.000406603
0.907338 , 0.000399241
0.892621 , 0.000306301
0.881094 , 0.000361952
0.872336 , 0.000358561
0.859565 , 0.000346529
0.851291 , 0.000329853
0.851138 , 0.000310251

40
0 , 0
0 , 0
0 , 0
0 , 0
0 , 0
0 , 0
0 , 0
0 , 0
0 , 0
0 , 0
0 , 0
0 , 0
0 , 0
0 , 0
0 , 0
0 , 0
0 , 0
0 , 0
0 , 0
0 , 0
0 , 0
0 , 0
0 , 0
0 , 0
0 , 0
0 , 0
0 , 0
0 , 0
0 , 0
0 , 0
0 , 0
0 , 0
4.58526e-07 , 4.58526e-07
1.03934e-05 , 1.89148e-06
0.0011327 , 2.47951e-05
0.0215105 , 0.000101585
0.148371 , 0.000316959
0.50861 , 0.000907346
1.08497 , 0.00134811
1.68622 , 0.00129609
2.12266 , 0.00112512
2.32393 , 0.000993983
2.32391 , 0.00107317
2.20277 , 0.000991327
2.01507 , 0.000805435
1.81054 , 0.000939436
1.61526 , 0.0010341
1.43649 , 0.000926135
1.28197 , 0.000887562
1.15099 , 0.000958284
1.04094 , 0.000629895
0.947807 , 0.000593375
0.87247 , 0.00054416
0.810529 , 0.000521192
0.759767 , 0.000438057
0.719776 , 0.000323167
0.687646 , 0.000473641
0.662973 , 0.000497173
0.645488 , 0.000540457
0.634468 , 0.000464545
0.62992 , 0.000500047
0.628878 , 0.00050315
0.634544 , 0.0004648
0.645165 , 0.000440277
0.660076 , 0.000519423
0.6803 , 0.000546864
0.706067 , 0.0004739
0.736218 , 0.00056044
0.769487 , 0.000594504
0.806811 , 0.000507129
0.845924 , 0.000572039
0.885774 , 0.000532993
0.925949 , 0.000473374
0.966052 , 0.000425182
1.00416 , 0.000536479
1.04052 , 0.00047406
1.07355 , 0.000484982
1.10366 , 0.000516449
1.12788 , 0.000591566
1.14601 , 0.000557257
1.15607 , 0.000518045
1.1583 , 0.000458863
1.15244 , 0.00049942
1.1401 , 0.000498808
1.12117 , 0.000547637
1.09822 , 0.000488375
1.07292 , 0.000532022
1.04653 , 0.000530773
1.01959 , 0.000481338
0.99319 , 0.000473594
0.968547 , 0.000456659
0.945529 , 0.000388172
0.92484 , 0.000396311
0.907371 , 0.000390516
0.892603 , 0.000299134
0.880969 , 0.000374044
0.872205 , 0.000373425
0.859526 , 0.000339918
0.8512 , 0.000334058
0.851075 , 0.000308839

41
0 , 0
0 , 0
0 , 0
0 , 0
0 , 0
0 , 0
0 , 0
0 , 0
0 , 0
0 , 0
0 , 0
0 , 0
0 , 0
0 , 0
0 , 0
0 , 0
0 , 0
0 , 0
0 , 0
0 , 0
0 , 0
0 , 0
0 , 0
0 , 0
0 , 0
0 , 0
0 , 0
0 , 0
0 , 0
0 , 0
0 , 0
0 , 0
4.47342e-07 , 4.47342e-07
1.01399e-05 , 1.8621e-06
0.00113125 , 2.42261e-05
0.0215212 , 9.96572e-05
0.148334 , 0.000311295
0.508554 , 0.000886716
1.08488 , 0.00131788
1.68637 , 0.00127365
2.12277 , 0.00110217
2.32382 , 0.000975501
2.32407 , 0.00105875
2.20278 , 0.000966913
2.0151 , 0.000786026
1.81057 , 0.000916991
1.61505 , 0.00102978
1.43658 , 0.00090808
1.28204 , 0.000868152
1.15105 , 0.000936403
1.041 , 0.000617719
0.947981 , 0.000604289
0.872519 , 0.000532968
0.810535 , 0.000508362
0.759779 , 0.000427404
0.719761 , 0.00031554
0.687612 , 0.000463194
0.66293 , 0.000486821
0.645437 , 0.000529559
0.634373 , 0.000462961
0.629865 , 0.000490811
0.628747 , 0.000507734
0.634498 , 0.00045572
0.645038 , 0.000447869
0.659979 , 0.000515706
0.680293 , 0.000533399
0.706006 , 0.000466133
0.73624 , 0.000547048
0.769503 , 0.000580031
0.80684 , 0.000495431
0.845921 , 0.000557918
0.885814 , 0.000521308
0.926113 , 0.000490054
0.966186 , 0.000435761
1.00421 , 0.000526524
1.0406 , 0.000469329
1.07362 , 0.000477268
1.10362 , 0.00050531
1.1279 , 0.000577215
1.14596 , 0.000545975
1.15597 , 0.000513375
1.15822 , 0.000456088
1.15239 , 0.000490245
1.14008 , 0.000486721
1.12117 , 0.000534113
1.09828 , 0.000479924
1.07305 , 0.000535733
1.0466 , 0.000522876
1.0197 , 0.000481548
0.993245 , 0.000465153
0.968601 , 0.000448707
0.945523 , 0.000378644
0.924863 , 0.000387187
0.907372 , 0.000380875
0.892512 , 0.000305586
0.880965 , 0.000364836
0.872154 , 0.000367643
0.859472 , 0.000335876
0.851099 , 0.000341187
0.850955 , 0.000324471

42
0 , 0
0 , 0
0 , 0
0 , 0
0 , 0
0 , 0
0 , 0
0 , 0
0 , 0
0 , 0
0 , 0
0 , 0
0 , 0
0 , 0
0 , 0
0 , 0
0 , 0
0 , 0
0 , 0
0 , 0
0 , 0
0 , 0
0 , 0
0 , 0
0 , 0
0 , 0
0 , 0
0 , 0
0 , 0
0 , 0
0 , 0
0 , 0
4.36691e-07 , 4.36691e-07
1.01047e-05 , 1.81757e-06
0.00113338 , 2.37382e-05
0.0215289 , 9.75555e-05
0.148278 , 0.000308835
0.508492 , 0.000867501
1.08498 , 0.00128999
1.68665 , 0.00127331
2.12295 , 0.00109168
2.324 , 0.000969227
2.32444 , 0.00109939
2.20279 , 0.000943648
2.01517 , 0.000770455
1.81049 , 0.000898358
1.61478 , 0.00104099
1.4365 , 0.000889447
1.28181 , 0.00087802
1.15083 , 0.000939563
1.04086 , 0.000619468
0.947928 , 0.00059208
0.872387 , 0.000536428
0.810436 , 0.000505929
0.759718 , 0.000421541
0.719826 , 0.000314709
0.687638 , 0.000452775
0.66295 , 0.000475529
0.64548 , 0.000518601
0.634377 , 0.000451827
0.629797 , 0.000483757
0.628761 , 0.00049568
0.634467 , 0.000445763
0.644985 , 0.000440255
0.65997 , 0.000503355
0.680301 , 0.000520603
0.706008 , 0.000454901
0.736297 , 0.000536844
0.769559 , 0.000568827
0.806915 , 0.000489309
0.846005 , 0.000550887
0.885856 , 0.000510482
0.926165 , 0.000481081
0.966278 , 0.000435019
1.00421 , 0.000513873
1.04067 , 0.00046362
1.07369 , 0.000471946
1.10356 , 0.000496292
1.12793 , 0.000563957
1.14596 , 0.000532824
1.15595 , 0.000501665
1.15815 , 0.000450359
1.15233 , 0.000481834
1.14008 , 0.000475054
1.12113 , 0.00052242
1.09827 , 0.00046839
1.07299 , 0.000526619
1.04659 , 0.000510318
1.01972 , 0.000470787
0.993271 , 0.000454663
0.968541 , 0.000441993
0.945533 , 0.000369652
0.924883 , 0.000378364
0.907376 , 0.000371713
0.892534 , 0.000299076
0.880964 , 0.000356045
0.872174 , 0.000359326
0.859452 , 0.000328423
0.851103 , 0.000332989
0.851004 , 0.000320453

43
0 , 0
0 , 0
0 , 0
0 , 0
0 , 0
0 , 0
0 , 0
0 , 0
0 , 0
0 , 0
0 , 0
0 , 0
0 , 0
0 , 0
0 , 0
0 , 0
0 , 0
0 , 0
0 , 0
0 , 0
0 , 0
0 , 0
0 , 0
0 , 0
0 , 0
0 , 0
0 , 0
0 , 0
0 , 0
0 , 0
0 , 0
0 , 0
4.26536e-07 , 4.26536e-07
1.08768e-05 , 1.93548e-06
0.00113103 , 2.32984e-05
0.0215529 , 9.82554e-05
0.148314 , 0.000303655
0.508527 , 0.000847781
1.08495 , 0.00125992
1.68678 , 0.00125031
2.12289 , 0.00106811
2.32383 , 0.000963305
2.32405 , 0.00114141
2.20288 , 0.000925442
2.01517 , 0.000752338
1.81059 , 0.00088216
1.61459 , 0.00103317
1.4367 , 0.000891346
1.28177 , 0.000858093
1.15082 , 0.000917514
1.04094 , 0.000610428
0.947937 , 0.000578213
0.872439 , 0.000526315
0.810494 , 0.000497374
0.759841 , 0.000429715
0.71983 , 0.00030733
0.687641 , 0.000442131
0.662933 , 0.000464649
0.645563 , 0.000513115
0.634288 , 0.000450197
0.629778 , 0.000472761
0.628762 , 0.000484017
0.634443 , 0.000435968
0.644938 , 0.000432481
0.659925 , 0.000493615
0.680228 , 0.000513621
0.706047 , 0.000445958
0.736327 , 0.000525068
0.769652 , 0.000563212
0.806886 , 0.000478657
0.846064 , 0.000541082
0.885812 , 0.000500341
0.926134 , 0.000470817
0.966245 , 0.000426018
1.00416 , 0.000504274
1.04069 , 0.00045321
1.07368 , 0.000460947
1.10358 , 0.000485072
1.12788 , 0.000553188
1.14596 , 0.000520291
1.15605 , 0.000499697
1.15814 , 0.000439947
1.15237 , 0.000472079
1.14009 , 0.000464014
1.12118 , 0.000511884
1.09821 , 0.000461271
1.07291 , 0.000519057
1.04656 , 0.00049936
1.01973 , 0.000459712
0.993287 , 0.000444255
0.968538 , 0.000431606
0.945485 , 0.00036409
0.924826 , 0.000373749
0.907336 , 0.000365151
0.892547 , 0.000292306
0.881018 , 0.000351885
0.872224 , 0.000354369
0.859417 , 0.000322562
0.851062 , 0.000327712
0.851015 , 0.00031312

44
0 , 0
0 , 0
0 , 0
0 , 0
0 , 0
0 , 0
0 , 0
0 , 0
0 , 0
0 , 0
0 , 0
0 , 0
0 , 0
0 , 0
0 , 0
0 , 0
0 , 0
0 , 0
0 , 0
0 , 0
0 , 0
0 , 0
0 , 0
0 , 0
0 , 0
0 , 0
0 , 0
0 , 0
0 , 0
0 , 0
0 , 0
0 , 0
4.16842e-07 , 4.16842e-07
1.08265e-05 , 1.89165e-06
0.00113419 , 2.29806e-05
0.0215533 , 9.59971e-05
0.14835 , 0.000298903
0.508635 , 0.000835296
1.08482 , 0.00123771
1.68662 , 0.00123245
2.12298 , 0.00104796
2.32379 , 0.000941744
2.32429 , 0.0011404
2.20299 , 0.000911344
2.01503 , 0.000747266
1.8106 , 0.000862016
1.61485 , 0.00104069
1.43671 , 0.000870912
1.2819 , 0.000848149
1.15084 , 0.000896654
1.04095 , 0.00059651
0.947861 , 0.000569991
0.87232 , 0.000527701
0.810397 , 0.000495596
0.759827 , 0.000420096
0.719798 , 0.000301912
0.687622 , 0.000432404
0.662865 , 0.000459063
0.645457 , 0.000512326
0.634121 , 0.000470566
0.629632 , 0.000484399
0.628716 , 0.000475099
0.634468 , 0.000426684
0.644925 , 0.000422742
0.659863 , 0.000486211
0.680171 , 0.000505048
0.706032 , 0.000435958
0.73638 , 0.000515746
0.769673 , 0.000550682
0.80696 , 0.000473342
0.846167 , 0.000538651
0.88582 , 0.000488897
0.926173 , 0.000461681
0.966359 , 0.000431569
1.00423 , 0.000497485
1.0408 , 0.000454843
1.07381 , 0.000467588
1.10365 , 0.000478813
1.1279 , 0.000541081
1.14592 , 0.000509641
1.15614 , 0.000497037
1.15814 , 0.000429853
1.15234 , 0.000461937
1.14004 , 0.000455887
1.1211 , 0.000506107
1.09822 , 0.000450696
1.07292 , 0.000507221
1.0466 , 0.000489164
1.0197 , 0.000449924
0.993351 , 0.000438823
0.968537 , 0.000421684
0.945377 , 0.000371698
0.924822 , 0.00036518
0.907242 , 0.000368997
0.892492 , 0.000290818
0.880988 , 0.000345102
0.872182 , 0.000348785
0.859404 , 0.000315413
0.851004 , 0.000325446
0.850942 , 0.000314476

45
0 , 0
0 , 0
0 , 0
0 , 0
0 , 0
0 , 0
0 , 0
0 , 0
0 , 0
0 , 0
0 , 0
0 , 0
0 , 0
0 , 0
0 , 0
0 , 0
0 , 0
0 , 0
0 , 0
0 , 0
0 , 0
0 , 0
0 , 0
0 , 0
0 , 0
0 , 0
0 , 0
0 , 0
0 , 0
0 , 0
0 , 0
0 , 0
4.07579e-07 , 4.07579e-07
1.09708e-05 , 1.85476e-06
0.00113702 , 2.26422e-05
0.0215913 , 0.000101237
0.14831 , 0.000294906
0.508535 , 0.000822608
1.08455 , 0.00123954
1.68617 , 0.00128581
2.12271 , 0.00106016
2.32359 , 0.000942042
2.32434 , 0.00111564
2.20295 , 0.000891606
2.01506 , 0.000730831
1.81082 , 0.000870591
1.61494 , 0.00102183
1.43678 , 0.00085374
1.28203 , 0.0008396
1.15081 , 0.000877302
1.04108 , 0.000596736
0.948026 , 0.000581065
0.872491 , 0.000543319
0.810543 , 0.000506018
0.759812 , 0.000410917
0.719891 , 0.000309392
0.687665 , 0.00042486
0.662868 , 0.000448757
0.645547 , 0.000508856
0.634105 , 0.000460267
0.629665 , 0.00047469
0.628777 , 0.000468401
0.634496 , 0.000418069
0.644763 , 0.0004437
0.65988 , 0.00047558
0.680158 , 0.000493863
0.706096 , 0.000430904
0.736287 , 0.000512662
0.769675 , 0.000538308
0.806917 , 0.000464654
0.846026 , 0.000545212
0.885757 , 0.000482006
0.926128 , 0.000453512
0.966214 , 0.000446307
1.00414 , 0.000494619
1.0407 , 0.000454245
1.07365 , 0.000484676
1.10348 , 0.000497612
1.12784 , 0.000532257
1.14578 , 0.000518763
1.15602 , 0.000499961
1.15814 , 0.000420194
1.15239 , 0.000454651
1.14015 , 0.000458588
1.12118 , 0.000501664
1.09833 , 0.000454983
1.07304 , 0.000509603
1.04671 , 0.00049133
1.01979 , 0.000449769
0.99352 , 0.000460891
0.968618 , 0.000420139
0.945499 , 0.000383327
0.924872 , 0.000360429
0.907405 , 0.000396123
0.892573 , 0.00029566
0.881046 , 0.000342214
0.872297 , 0.000359788
0.859457 , 0.000312756
0.851004 , 0.000318132
0.850968 , 0.000308463

46
0 , 0
0 , 0
0 , 0
0 , 0
0 , 0
0 , 0
0 , 0
0 , 0
0 , 0
0 , 0
0 , 0
0 , 0
0 , 0
0 , 0
0 , 0
0 , 0
0 , 0
0 , 0
0 , 0
0 , 0
0 , 0
0 , 0
0 , 0
0 , 0
0 , 0
0 , 0
0 , 0
0 , 0
0 , 0
0 , 0
0 , 0
0 , 0
3.98718e-07 , 3.98718e-07
1.11089e-05 , 1.81924e-06
0.00113991 , 2.23322e-05
0.0215878 , 9.90729e-05
0.148273 , 0.000290842
0.508403 , 0.000815214
1.0843 , 0.00123862
1.68601 , 0.00126726
2.12286 , 0.00104768
2.32341 , 0.000939377
2.32466 , 0.00113737
2.20299 , 0.000872784
2.0152 , 0.000729513
1.81083 , 0.000851536
1.61483 , 0.00100534
1.43673 , 0.000836209
1.28212 , 0.000826026
1.15087 , 0.000860503
1.04112 , 0.000585435
0.947962 , 0.00057192
0.872529 , 0.000532739
0.810655 , 0.000507557
0.759979 , 0.000435074
0.720013 , 0.000326148
0.687727 , 0.000420214
0.66288 , 0.000439047
0.64553 , 0.000497977
0.634071 , 0.00045141
0.629636 , 0.000465166
0.628752 , 0.000458822
0.6345 , 0.000408897
0.644674 , 0.000443
0.659815 , 0.000469553
0.680102 , 0.000486267
0.705976 , 0.000438311
0.736118 , 0.000529122
0.769553 , 0.000540427
0.806835 , 0.000461861
0.845936 , 0.000540743
0.885689 , 0.000476313
0.9261 , 0.000444448
0.966277 , 0.000441007
1.00412 , 0.000484051
1.04074 , 0.000446172
1.07374 , 0.000482473
1.10363 , 0.000508647
1.12794 , 0.000530423
1.14595 , 0.000533732
1.15615 , 0.000505051
1.15829 , 0.000437842
1.15242 , 0.000445619
1.14023 , 0.000455264
1.1212 , 0.000491007
1.09839 , 0.000448539
1.07302 , 0.000498934
1.04668 , 0.000481689
1.0198 , 0.000439911
0.993533 , 0.000450952
0.96862 , 0.000410909
0.945524 , 0.000375725
0.924812 , 0.000357499
0.907398 , 0.000387479
0.892525 , 0.000293182
0.880999 , 0.000337956
0.872223 , 0.00035957
0.859416 , 0.000308569
0.850893 , 0.000330422
0.85087 , 0.000317237

47
0 , 0
0 , 0
0 , 0
0 , 0
0 , 0
0 , 0
0 , 0
0 , 0
0 , 0
0 , 0
0 , 0
0 , 0
0 , 0
0 , 0
0 , 0
0 , 0
0 , 0
0 , 0
0 , 0
0 , 0
0 , 0
0 , 0
0 , 0
0 , 0
0 , 0
0 , 0
0 , 0
0 , 0
0 , 0
0 , 0
0 , 0
0 , 0
3.90235e-07 , 3.90235e-07
1.08725e-05 , 1.79573e-06
0.00114564 , 2.25906e-05
0.0215746 , 9.7843e-05
0.14832 , 0.000288475
0.508481 , 0.000801495
1.08447 , 0.00122444
1.68607 , 0.00124122
2.12288 , 0.00102535
2.32341 , 0.000919183
2.32468 , 0.00111308
2.20302 , 0.000854534
2.01494 , 0.000760195
1.81079 , 0.000834527
1.61484 , 0.000983724
1.43668 , 0.000820249
1.28206 , 0.000810582
1.15064 , 0.000872704
1.04103 , 0.000579798
0.947948 , 0.000559788
0.872556 , 0.000521975
0.810653 , 0.000496645
0.760047 , 0.000431201
0.720165 , 0.000353663
0.687871 , 0.000435453
0.662992 , 0.000443941
0.645645 , 0.000500759
0.634127 , 0.000445311
0.629672 , 0.000456598
0.628761 , 0.000449045
0.634468 , 0.000401419
0.644643 , 0.00043458
0.659794 , 0.000459952
0.680135 , 0.000477005
0.705917 , 0.000432864
0.736145 , 0.000518476
0.769528 , 0.000529375
0.806853 , 0.000452316
0.845902 , 0.000530167
0.885712 , 0.000466621
0.926057 , 0.00043705
0.966222 , 0.000435017
1.00406 , 0.000477279
1.04066 , 0.000443982
1.07374 , 0.000472104
1.10358 , 0.00050018
1.12793 , 0.000519149
1.1459 , 0.000524245
1.15618 , 0.000495242
1.15824 , 0.000430995
1.15246 , 0.000437722
1.14021 , 0.000445605
1.12121 , 0.000480478
1.09848 , 0.00044857
1.07307 , 0.00049052
1.04671 , 0.000472473
1.01981 , 0.000430708
0.993604 , 0.000447008
0.968657 , 0.00040373
0.945503 , 0.000368254
0.924844 , 0.000351239
0.907434 , 0.000380838
0.89254 , 0.000287272
0.880982 , 0.000331104
0.872272 , 0.000355294
0.859462 , 0.000305338
0.850944 , 0.00032736
0.85099 , 0.000332834

48
0 , 0
0 , 0
0 , 0
0 , 0
0 , 0
0 , 0
0 , 0
0 , 0
0 , 0
0 , 0
0 , 0
0 , 0
0 , 0
0 , 0
0 , 0
0 , 0
0 , 0
0 , 0
0 , 0
0 , 0
0 , 0
0 , 0
0 , 0
0 , 0
0 , 0
0 , 0
0 , 0
0 , 0
0 , 0
0 , 0
0 , 0
0 , 0
3.82105e-07 , 3.82105e-07
1.08265e-05 , 1.75853e-06
0.00114789 , 2.22289e-05
0.0215847 , 9.63145e-05
0.148353 , 0.000284337
0.50851 , 0.000785126
1.08456 , 0.00120189
1.68608 , 0.00121512
2.12293 , 0.00100492
2.32351 , 0.000904874
2.32462 , 0.00109103
2.20301 , 0.000836592
2.01497 , 0.000744691
1.81076 , 0.000817287
1.61484 , 0.000963038
1.43663 , 0.000804111
1.28208 , 0.000793667
1.15056 , 0.000858332
1.04105 , 0.000567758
0.948018 , 0.000552503
0.872523 , 0.000512026
0.810612 , 0.000487898
0.760056 , 0.000422207
0.720177 , 0.000346422
0.68794 , 0.000431963
0.663009 , 0.000434947
0.645615 , 0.000491148
0.634142 , 0.000436187
0.629608 , 0.000451525
0.628726 , 0.00044091
0.634441 , 0.000393847
0.644619 , 0.000426109
0.659752 , 0.000452228
0.680186 , 0.000469702
0.705859 , 0.000427795
0.736131 , 0.000507778
0.769529 , 0.000518229
0.806824 , 0.000443754
0.845846 , 0.000522027
0.885772 , 0.000460696
0.925996 , 0.000432108
0.966201 , 0.00042636
1.00409 , 0.000468004
1.04064 , 0.000434994
1.07381 , 0.000468626
1.10368 , 0.000500673
1.12806 , 0.000524851
1.14596 , 0.000516992
1.15622 , 0.000486531
1.15832 , 0.000429014
1.15248 , 0.00042898
1.14021 , 0.000436284
1.12117 , 0.000471525
1.09849 , 0.000439194
1.07308 , 0.000480506
1.04676 , 0.000465461
1.01983 , 0.000422015
0.993561 , 0.000439729
0.968633 , 0.000395943
0.945472 , 0.000361776
0.924797 , 0.000347
0.907429 , 0.000372859
0.892506 , 0.000283234
0.880927 , 0.000328849
0.87219 , 0.00035737
0.859443 , 0.000299477
0.850924 , 0.000321111
0.850979 , 0.000326

49
0 , 0
0 , 0
0 , 0
0 , 0
0 , 0
0 , 0
0 , 0
0 , 0
0 , 0
0 , 0
0 , 0
0 , 0
0 , 0
0 , 0
0 , 0
0 , 0
0 , 0
0 , 0
0 , 0
0 , 0
0 , 0
0 , 0
0 , 0
0 , 0
0 , 0
0 , 0
0 , 0
0 , 0
0 , 0
0 , 0
0 , 0
0 , 0
3.74307e-07 , 3.74307e-07
1.07823e-05 , 1.72283e-06
0.00114637 , 2.18237e-05
0.0215898 , 9.44661e-05
0.148312 , 0.000281604
0.508549 , 0.000769956
1.08478 , 0.00119734
1.68627 , 0.00120583
2.12304 , 0.000990623
2.32357 , 0.000888403
2.32482 , 0.00108736
2.20286 , 0.000834002
2.01495 , 0.000729602
1.81081 , 0.000801705
1.61472 , 0.000950841
1.43653 , 0.000794855
1.28194 , 0.000788851
1.15041 , 0.000853396
1.04096 , 0.000563851
0.947908 , 0.000552244
0.872383 , 0.000520655
0.81051 , 0.000488631
0.760048 , 0.000413562
0.720167 , 0.000339423
0.68788 , 0.000427386
0.663046 , 0.000427516
0.645744 , 0.000498073
0.634174 , 0.000428339
0.62963 , 0.000442747
0.628802 , 0.000438364
0.634482 , 0.000387859
0.644672 , 0.000420616
0.65982 , 0.000448118
0.680193 , 0.000460067
0.705921 , 0.000423657
0.736123 , 0.000497369
0.769558 , 0.000508363
0.806768 , 0.000438201
0.845827 , 0.000511641
0.885727 , 0.000453416
0.926057 , 0.000427535
0.966174 , 0.000418453
1.00406 , 0.000459179
1.04073 , 0.000434413
1.07391 , 0.000468327
1.1038 , 0.000504426
1.12809 , 0.000514861
1.14599 , 0.000506931
1.15621 , 0.000476683
1.15834 , 0.000420568
1.15247 , 0.000420431
1.14019 , 0.000427552
1.12119 , 0.000462169
1.09848 , 0.000430173
1.07303 , 0.000473746
1.04668 , 0.000463049
1.01974 , 0.000422703
0.993447 , 0.000445474
0.968602 , 0.000389014
0.94541 , 0.000359798
0.924792 , 0.000339889
0.907439 , 0.00036532
0.892447 , 0.000283522
0.880911 , 0.000322432
0.872191 , 0.000350002
0.859404 , 0.000295921
0.850919 , 0.00031453
0.85101 , 0.00032076

50
0 , 0
0 , 0
0 , 0
0 , 0
0 , 0
0 , 0
0 , 0
0 , 0
0 , 0
0 , 0
0 , 0
0 , 0
0 , 0
0 , 0
0 , 0
0 , 0
0 , 0
0 , 0
0 , 0
0 , 0
0 , 0
0 , 0
0 , 0
0 , 0
0 , 0
0 , 0
0 , 0
0 , 0
0 , 0
0 , 0
0 , 0
0 , 0
3.66821e-07 , 3.66821e-07
1.17792e-05 , 1.96043e-06
0.00114769 , 2.14238e-05
0.0215711 , 9.4428e-05
0.14826 , 0.00028066
0.508336 , 0.00078404
1.08468 , 0.00117709
1.6859 , 0.00123829
2.1227 , 0.0010301
2.32336 , 0.000896664
2.32478 , 0.00106617
2.20275 , 0.000824441
2.01513 , 0.000736402
1.81105 , 0.000823052
1.61487 , 0.00094277
1.43679 , 0.000823243
1.28225 , 0.000833224
1.15066 , 0.000873008
1.04108 , 0.000566476
0.948014 , 0.000551292
0.872434 , 0.000512627
0.810665 , 0.000503238
0.760108 , 0.00040958
0.720268 , 0.000347457
0.687876 , 0.000418771
0.663064 , 0.000419298
0.645693 , 0.000490756
0.634066 , 0.00043323
0.629545 , 0.000441989
0.628779 , 0.000430108
0.634391 , 0.000390787
0.644588 , 0.000420533
0.659734 , 0.000447364
0.680116 , 0.00045734
0.705878 , 0.000417365
0.736086 , 0.000488667
0.769492 , 0.000502461
0.80664 , 0.000447977
0.845741 , 0.000508567
0.885653 , 0.000450432
0.925913 , 0.000442824
0.966081 , 0.00042047
1.004 , 0.00045343
1.04074 , 0.000425764
1.07387 , 0.000460499
1.10379 , 0.000494376
1.12807 , 0.000505038
1.14599 , 0.00049669
1.15628 , 0.000472989
1.15837 , 0.000412996
1.15257 , 0.000424951
1.14026 , 0.000424688
1.12129 , 0.000464305
1.09857 , 0.000431194
1.07314 , 0.00047694
1.04678 , 0.000464593
1.01984 , 0.000425855
0.993535 , 0.000445109
0.968676 , 0.000388228
0.945503 , 0.000364594
0.924851 , 0.000338156
0.9075 , 0.000362996
0.892465 , 0.000278371
0.880805 , 0.000333332
0.872145 , 0.000346022
0.859449 , 0.00029339
0.850866 , 0.000312645
0.851005 , 0.000314324
