0 , 0.000314324
0 , 0.000314324
0 , 0.000314324
0 , 0.000314324
0 , 0.000314324
0 , 0.000314324
0 , 0.000314324
0 , 0.000314324
0 , 0.000314324
0 , 0.000314324
0 , 0.000314324
0 , 0.000314324
0 , 0.000314324
0 , 0.000314324
0 , 0.000314324
0 , 0.000314324
0 , 0.000314324
0 , 0.000314324
0 , 0.000314324
0 , 0.000314324
0 , 0.000314324
0 , 0.000314324
0 , 0.000314324
0 , 0.000314324
0 , 0.000314324
0 , 0.000314324
0 , 0.000314324
0 , 0.000314324
0 , 0.000314324
0 , 0.000314324
0 , 0.000314324
0 , 0.000314324
3.66821e-07 , 0.000314324
1.17792e-05 , 0.000314324
0.00114769 , 0.000314324
0.0215711 , 0.000314324
0.14826 , 0.000314324
0.508336 , 0.000314324
1.08468 , 0.000314324
1.6859 , 0.000314324
2.1227 , 0.000314324
2.32336 , 0.000314324
2.32478 , 0.000314324
2.20275 , 0.000314324
2.01513 , 0.000314324
1.81105 , 0.000314324
1.61487 , 0.000314324
1.43679 , 0.000314324
1.28225 , 0.000314324
1.15066 , 0.000314324
1.04108 , 0.000314324
0.948014 , 0.000314324
0.872434 , 0.000314324
0.810665 , 0.000314324
0.760108 , 0.000314324
0.720268 , 0.000314324
0.687876 , 0.000314324
0.663064 , 0.000314324
0.645693 , 0.000314324
0.634066 , 0.000314324
0.629545 , 0.000314324
0.628779 , 0.000314324
0.634391 , 0.000314324
0.644588 , 0.000314324
0.659734 , 0.000314324
0.680116 , 0.000314324
0.705878 , 0.000314324
0.736086 , 0.000314324
0.769492 , 0.000314324
0.80664 , 0.000314324
0.845741 , 0.000314324
0.885653 , 0.000314324
0.925913 , 0.000314324
0.966081 , 0.000314324
1.004 , 0.000314324
1.04074 , 0.000314324
1.07387 , 0.000314324
1.10379 , 0.000314324
1.12807 , 0.000314324
1.14599 , 0.000314324
1.15628 , 0.000314324
1.15837 , 0.000314324
1.15257 , 0.000314324
1.14026 , 0.000314324
1.12129 , 0.000314324
1.09857 , 0.000314324
1.07314 , 0.000314324
1.04678 , 0.000314324
1.01984 , 0.000314324
0.993535 , 0.000314324
0.968676 , 0.000314324
0.945503 , 0.000314324
0.924851 , 0.000314324
0.9075 , 0.000314324
0.892465 , 0.000314324
0.880805 , 0.000314324
0.872145 , 0.000314324
0.859449 , 0.000314324
0.850866 , 0.000314324
0.851005 , 0.000314324
