1 , 1.33726 , 1.33726 , 0
2 , 1.4079 , 1.37258 , 0.0353178
3 , 1.36098 , 1.36871 , 0.0207545
4 , 1.38041 , 1.37164 , 0.0149643
5 , 1.34948 , 1.36721 , 0.0124098
6 , 1.38225 , 1.36971 , 0.0104383
7 , 1.42278 , 1.37729 , 0.0116314
8 , 1.37172 , 1.3766 , 0.0100971
9 , 1.42503 , 1.38198 , 0.0104048
10 , 1.38393 , 1.38217 , 0.00930839
11 , 1.37675 , 1.38168 , 0.00843418
12 , 1.42562 , 1.38534 , 0.00852568
13 , 1.36516 , 1.38379 , 0.00799462
14 , 1.39713 , 1.38474 , 0.00746263
15 , 1.41926 , 1.38704 , 0.00731858
16 , 1.4433 , 1.39056 , 0.007696
17 , 1.41932 , 1.39225 , 0.00742438
18 , 1.33677 , 1.38917 , 0.00764846
19 , 1.40502 , 1.39 , 0.00728267
20 , 1.43247 , 1.39213 , 0.0072279
21 , 1.4241 , 1.39365 , 0.00704164
22 , 1.40732 , 1.39427 , 0.00674265
23 , 1.40279 , 1.39464 , 0.00645347
24 , 1.38997 , 1.39445 , 0.00618179
25 , 1.35777 , 1.39298 , 0.00610813
26 , 1.36519 , 1.39191 , 0.00596502
27 , 1.41881 , 1.39291 , 0.00582563
28 , 1.37789 , 1.39237 , 0.00563927
29 , 1.40763 , 1.3929 , 0.0054667
30 , 1.36406 , 1.39194 , 0.00536812
31 , 1.39811 , 1.39214 , 0.00519589
32 , 1.33904 , 1.39048 , 0.00529747
33 , 1.43411 , 1.3918 , 0.00530198
34 , 1.36777 , 1.39109 , 0.00519199
35 , 1.42737 , 1.39213 , 0.0051469
36 , 1.36835 , 1.39147 , 0.0050453
37 , 1.46131 , 1.39336 , 0.00525756
38 , 1.39866 , 1.39349 , 0.00511924
39 , 1.43738 , 1.39462 , 0.00511167
40 , 1.38275 , 1.39432 , 0.00499107
41 , 1.38847 , 1.39418 , 0.00486991
42 , 1.41273 , 1.39462 , 0.00477302
43 , 1.39961 , 1.39474 , 0.00466214
44 , 1.39937 , 1.39484 , 0.00455617
45 , 1.34369 , 1.39371 , 0.00459655
46 , 1.36445 , 1.39307 , 0.00454029
47 , 1.41788 , 1.3936 , 0.00447389
48 , 1.40916 , 1.39392 , 0.00439167
49 , 1.42159 , 1.39449 , 0.00433801
50 , 1.32809 , 1.39316 , 0.00445295
