1 , 0.0491817 , 0.0491817 , 0
2 , 0.0489663 , 0.049074 , 0.00010771
3 , 0.0489351 , 0.0490277 , 7.75175e-05
4 , 0.0490438 , 0.0490317 , 5.49604e-05
5 , 0.0491327 , 0.0490519 , 4.7115e-05
6 , 0.048978 , 0.0490396 , 4.03929e-05
7 , 0.0488781 , 0.0490165 , 4.12051e-05
8 , 0.0490425 , 0.0490198 , 3.58323e-05
9 , 0.0489251 , 0.0490092 , 3.33068e-05
10 , 0.0491258 , 0.0490209 , 3.19894e-05
11 , 0.0490177 , 0.0490206 , 2.8937e-05
12 , 0.0490373 , 0.049022 , 2.64523e-05
13 , 0.0489205 , 0.0490142 , 2.55555e-05
14 , 0.0487223 , 0.0489933 , 3.15347e-05
15 , 0.0489358 , 0.0489895 , 2.96071e-05
16 , 0.049131 , 0.0489983 , 2.90734e-05
17 , 0.0494109 , 0.0490226 , 3.65347e-05
18 , 0.0489876 , 0.0490207 , 3.45001e-05
19 , 0.0489928 , 0.0490192 , 3.26669e-05
20 , 0.0492365 , 0.0490301 , 3.28397e-05
21 , 0.0491024 , 0.0490335 , 3.14259e-05
22 , 0.048798 , 0.0490228 , 3.18179e-05
23 , 0.0490262 , 0.049023 , 3.04034e-05
24 , 0.0488889 , 0.0490174 , 2.96401e-05
25 , 0.0489897 , 0.0490163 , 2.84512e-05
26 , 0.0489746 , 0.0490147 , 2.7382e-05
27 , 0.0488431 , 0.0490083 , 2.71038e-05
28 , 0.049278 , 0.0490179 , 2.7838e-05
29 , 0.0490615 , 0.0490194 , 2.69028e-05
30 , 0.0489724 , 0.0490179 , 2.60379e-05
31 , 0.0489199 , 0.0490147 , 2.53814e-05
32 , 0.0489807 , 0.0490136 , 2.45984e-05
33 , 0.0491148 , 0.0490167 , 2.40375e-05
34 , 0.0489806 , 0.0490156 , 2.3344e-05
35 , 0.0488463 , 0.0490108 , 2.3178e-05
36 , 0.0489918 , 0.0490103 , 2.25311e-05
37 , 0.0489383 , 0.0490083 , 2.19999e-05
38 , 0.0487805 , 0.0490023 , 2.2237e-05
39 , 0.0490061 , 0.0490024 , 2.16595e-05
40 , 0.0488052 , 0.0489975 , 2.16795e-05
41 , 0.0489131 , 0.0489954 , 2.1244e-05
42 , 0.0489878 , 0.0489953 , 2.07329e-05
43 , 0.0490486 , 0.0489965 , 2.0283e-05
44 , 0.0488958 , 0.0489942 , 1.99484e-05
45 , 0.0489663 , 0.0489936 , 1.95099e-05
46 , 0.0490309 , 0.0489944 , 1.90983e-05
47 , 0.0489234 , 0.0489929 , 1.87486e-05
48 , 0.0488935 , 0.0489908 , 1.84702e-05
49 , 0.0489685 , 0.0489904 , 1.80951e-05
50 , 0.0491349 , 0.0489933 , 1.79637e-05
