0 , 0.00018156
0 , 0.00018156
0 , 0.00018156
0 , 0.00018156
0 , 0.00018156
0 , 0.00018156
0 , 0.00018156
0 , 0.00018156
0 , 0.00018156
0 , 0.00018156
0 , 0.00018156
0 , 0.00018156
0 , 0.00018156
0.000689478 , 0.00018156
0.114548 , 0.00018156
0.831581 , 0.00018156
1.61896 , 0.00018156
1.82755 , 0.00018156
1.69992 , 0.00018156
1.50812 , 0.00018156
1.34211 , 0.00018156
1.21475 , 0.00018156
1.12703 , 0.00018156
1.05958 , 0.00018156
1.01475 , 0.00018156
0.982472 , 0.00018156
0.960937 , 0.00018156
0.946437 , 0.00018156
0.939457 , 0.00018156
0.933506 , 0.00018156
0.932135 , 0.00018156
0.93391 , 0.00018156
0.935679 , 0.00018156
0.937287 , 0.00018156
0.935631 , 0.00018156
0.933734 , 0.00018156
0.930382 , 0.00018156
0.929421 , 0.00018156
0.9278 , 0.00018156
0.92409 , 0.00018156
0.923919 , 0.00018156
0.922455 , 0.00018156
0.920966 , 0.00018156
0.92147 , 0.00018156
0.920419 , 0.00018156
0.919837 , 0.00018156
0.920079 , 0.00018156
0.920257 , 0.00018156
0.921732 , 0.00018156
0.92089 , 0.00018156
0.921367 , 0.00018156
0.921951 , 0.00018156
0.922759 , 0.00018156
0.92348 , 0.00018156
0.924086 , 0.00018156
0.923767 , 0.00018156
0.924865 , 0.00018156
0.926136 , 0.00018156
0.926455 , 0.00018156
0.926558 , 0.00018156
0.927225 , 0.00018156
0.927816 , 0.00018156
0.928234 , 0.00018156
0.929403 , 0.00018156
0.929685 , 0.00018156
0.930704 , 0.00018156
0.930913 , 0.00018156
0.931271 , 0.00018156
0.932506 , 0.00018156
0.93313 , 0.00018156
0.933287 , 0.00018156
0.933919 , 0.00018156
0.934362 , 0.00018156
0.935002 , 0.00018156
0.936125 , 0.00018156
0.936505 , 0.00018156
0.936509 , 0.00018156
0.937572 , 0.00018156
0.938083 , 0.00018156
0.93818 , 0.00018156
0.938339 , 0.00018156
0.9395 , 0.00018156
0.940272 , 0.00018156
0.940513 , 0.00018156
0.941585 , 0.00018156
0.941116 , 0.00018156
0.941739 , 0.00018156
0.942539 , 0.00018156
0.943107 , 0.00018156
0.943135 , 0.00018156
0.943925 , 0.00018156
0.944113 , 0.00018156
0.944571 , 0.00018156
0.945337 , 0.00018156
0.94549 , 0.00018156
0.945555 , 0.00018156
0.945874 , 0.00018156
0.946985 , 0.00018156
0.946833 , 0.00018156
0.947454 , 0.00018156
