1 , -0.415815 , -0.415815 , 0
2 , -0.415649 , -0.415732 , 8.30793e-05
3 , -0.416676 , -0.416047 , 0.000318582
4 , -0.414788 , -0.415732 , 0.000386978
5 , -0.412915 , -0.415168 , 0.000638236
6 , -0.415673 , -0.415253 , 0.000527864
7 , -0.413531 , -0.415007 , 0.00050944
8 , -0.412114 , -0.414645 , 0.000570445
9 , -0.414782 , -0.41466 , 0.000503315
10 , -0.412693 , -0.414464 , 0.000491264
11 , -0.415826 , -0.414587 , 0.000461303
12 , -0.414268 , -0.414561 , 0.000421951
13 , -0.414639 , -0.414567 , 0.000388186
14 , -0.414057 , -0.41453 , 0.000361234
15 , -0.416618 , -0.414669 , 0.000363941
16 , -0.41584 , -0.414743 , 0.000348202
17 , -0.414618 , -0.414735 , 0.000327161
18 , -0.411026 , -0.414529 , 0.000370968
19 , -0.415492 , -0.41458 , 0.000354538
20 , -0.414919 , -0.414597 , 0.000336771
21 , -0.41568 , -0.414648 , 0.00032446
22 , -0.412349 , -0.414544 , 0.000326541
23 , -0.409416 , -0.414321 , 0.000383489
24 , -0.417602 , -0.414458 , 0.000391795
25 , -0.411239 , -0.414329 , 0.000397234
26 , -0.415236 , -0.414364 , 0.000383243
27 , -0.41794 , -0.414496 , 0.00039184
28 , -0.412405 , -0.414422 , 0.000384902
29 , -0.412618 , -0.414359 , 0.000376561
30 , -0.411673 , -0.41427 , 0.000374654
31 , -0.413627 , -0.414249 , 0.000362959
32 , -0.412561 , -0.414196 , 0.000355373
33 , -0.413446 , -0.414174 , 0.000345186
34 , -0.416926 , -0.414255 , 0.000344526
35 , -0.411677 , -0.414181 , 0.000342548
36 , -0.415766 , -0.414225 , 0.000335797
37 , -0.412763 , -0.414185 , 0.000328977
38 , -0.414888 , -0.414204 , 0.000320735
39 , -0.413348 , -0.414182 , 0.000313174
40 , -0.414787 , -0.414197 , 0.000305619
41 , -0.413393 , -0.414177 , 0.000298717
42 , -0.413926 , -0.414171 , 0.000291579
43 , -0.412993 , -0.414144 , 0.000286034
44 , -0.412236 , -0.414101 , 0.000282803
45 , -0.41614 , -0.414146 , 0.000280135
46 , -0.416179 , -0.41419 , 0.000277521
47 , -0.412819 , -0.414161 , 0.000273115
48 , -0.413037 , -0.414138 , 0.000268388
49 , -0.411026 , -0.414074 , 0.000270416
50 , -0.41323 , -0.414057 , 0.00026549
