1 , 7.62799 , 7.62799 , 0
2 , 7.58369 , 7.60584 , 0.0221476
3 , 7.5865 , 7.59939 , 0.0143209
4 , 7.6186 , 7.60419 , 0.0112071
5 , 7.54648 , 7.59265 , 0.0144424
6 , 7.59352 , 7.5928 , 0.0117931
7 , 7.60196 , 7.59411 , 0.0100525
8 , 7.59569 , 7.5943 , 0.00870801
9 , 7.62311 , 7.5975 , 0.00831993
10 , 7.62066 , 7.59982 , 0.00779358
11 , 7.57943 , 7.59797 , 0.00728928
12 , 7.62553 , 7.60026 , 0.00703947
13 , 7.56846 , 7.59782 , 0.00692203
14 , 7.59756 , 7.5978 , 0.00640858
15 , 7.5962 , 7.59769 , 0.00596701
16 , 7.60495 , 7.59815 , 0.00560001
17 , 7.57587 , 7.59683 , 0.00542108
18 , 7.5841 , 7.59613 , 0.00515979
19 , 7.58756 , 7.59568 , 0.00490145
20 , 7.58277 , 7.59503 , 0.00469452
21 , 7.59995 , 7.59526 , 0.00447152
22 , 7.56645 , 7.59396 , 0.00446009
23 , 7.60009 , 7.59422 , 0.0042701
24 , 7.5833 , 7.59377 , 0.00411355
25 , 7.59466 , 7.5938 , 0.00394574
26 , 7.57248 , 7.59298 , 0.00387866
27 , 7.59559 , 7.59308 , 0.00373349
28 , 7.6077 , 7.5936 , 0.00363536
29 , 7.61588 , 7.59437 , 0.00359093
30 , 7.57241 , 7.59364 , 0.00354556
31 , 7.61207 , 7.59423 , 0.00348045
32 , 7.57579 , 7.59366 , 0.00341883
33 , 7.58897 , 7.59351 , 0.00331665
34 , 7.58901 , 7.59338 , 0.00322034
35 , 7.61185 , 7.59391 , 0.00317119
36 , 7.56774 , 7.59318 , 0.00316643
37 , 7.60999 , 7.59364 , 0.00311299
38 , 7.61465 , 7.59419 , 0.00308003
39 , 7.61482 , 7.59472 , 0.0030463
40 , 7.57574 , 7.59424 , 0.00300684
41 , 7.57763 , 7.59384 , 0.00296046
42 , 7.57133 , 7.5933 , 0.00293838
43 , 7.6151 , 7.59381 , 0.00291366
44 , 7.59729 , 7.59389 , 0.00284777
45 , 7.6084 , 7.59421 , 0.00280238
46 , 7.60463 , 7.59444 , 0.00275012
47 , 7.58862 , 7.59431 , 0.00269382
48 , 7.58354 , 7.59409 , 0.00264664
49 , 7.56118 , 7.59342 , 0.00267768
50 , 7.57611 , 7.59307 , 0.00264633
