0 , 0.000461886
0 , 0.000461886
0 , 0.000461886
0 , 0.000461886
0 , 0.000461886
0 , 0.000461886
0 , 0.000461886
0 , 0.000461886
0 , 0.000461886
0 , 0.000461886
0 , 0.000461886
0 , 0.000461886
0 , 0.000461886
0 , 0.000461886
0 , 0.000461886
0 , 0.000461886
0 , 0.000461886
0 , 0.000461886
0 , 0.000461886
0 , 0.000461886
0 , 0.000461886
0 , 0.000461886
0 , 0.000461886
0 , 0.000461886
0 , 0.000461886
0 , 0.000461886
0 , 0.000461886
0 , 0.000461886
0 , 0.000461886
0 , 0.000461886
0 , 0.000461886
0 , 0.000461886
0 , 0.000461886
0 , 0.000461886
0 , 0.000461886
0 , 0.000461886
0 , 0.000461886
0 , 0.000461886
6.81444e-05 , 0.000461886
0.00299973 , 0.000461886
0.043122 , 0.000461886
0.266778 , 0.000461886
0.917954 , 0.000461886
2.04815 , 0.000461886
3.32141 , 0.000461886
4.23733 , 0.000461886
4.50165 , 0.000461886
4.13459 , 0.000461886
3.37348 , 0.000461886
2.48921 , 0.000461886
1.6816 , 0.000461886
1.04695 , 0.000461886
0.607514 , 0.000461886
0.328209 , 0.000461886
0.1673 , 0.000461886
0.0829268 , 0.000461886
0.0460077 , 0.000461886
0.0395263 , 0.000461886
0.0569292 , 0.000461886
0.099179 , 0.000461886
0.172783 , 0.000461886
0.28191 , 0.000461886
0.425978 , 0.000461886
0.590141 , 0.000461886
0.749026 , 0.000461886
0.867489 , 0.000461886
0.914468 , 0.000461886
0.876303 , 0.000461886
0.763323 , 0.000461886
0.605734 , 0.000461886
0.440538 , 0.000461886
0.30033 , 0.000461886
0.207853 , 0.000461886
0.182347 , 0.000461886
0.242172 , 0.000461886
0.411761 , 0.000461886
0.71189 , 0.000461886
1.13844 , 0.000461886
1.64232 , 0.000461886
2.12742 , 0.000461886
2.47266 , 0.000461886
2.58403 , 0.000461886
2.4372 , 0.000461886
2.07882 , 0.000461886
1.61306 , 0.000461886
1.14652 , 0.000461886
0.766555 , 0.000461886
0.518892 , 0.000461886
0.415531 , 0.000461886
0.441601 , 0.000461886
0.561681 , 0.000461886
0.726211 , 0.000461886
0.878596 , 0.000461886
0.972251 , 0.000461886
0.980132 , 0.000461886
0.882332 , 0.000461886
0.749553 , 0.000461886
0.627945 , 0.000461886
0.54984 , 0.000461886
0.551039 , 0.000461886
