
1
0 , 0
0 , 0
0 , 0
0 , 0
0 , 0
0 , 0
0 , 0
0 , 0
0 , 0
0 , 0
0 , 0
0 , 0
0 , 0
0 , 0
0 , 0
0 , 0
0 , 0
0 , 0
0 , 0
0 , 0
0 , 0
0 , 0
0 , 0
0 , 0
0 , 0
0 , 0
0 , 0
0 , 0
0 , 0
0 , 0
0 , 0
0 , 0
0 , 0
0 , 0
0 , 0
0 , 0
0 , 0
0 , 0
6.65473e-06 , 0
0.00274431 , 0
0.0447436 , 0
0.268623 , 0
0.929234 , 0
2.0536 , 0
3.33246 , 0
4.23402 , 0
4.47903 , 0
4.12456 , 0
3.36627 , 0
2.48422 , 0
1.67403 , 0
1.0493 , 0
0.613835 , 0
0.335669 , 0
0.171939 , 0
0.0861206 , 0
0.0474936 , 0
0.0394141 , 0
0.0585801 , 0
0.100639 , 0
0.173895 , 0
0.282436 , 0
0.426586 , 0
0.589926 , 0
0.746247 , 0
0.86447 , 0
0.912645 , 0
0.877021 , 0
0.758291 , 0
0.605398 , 0
0.441176 , 0
0.299401 , 0
0.212013 , 0
0.184831 , 0
0.249089 , 0
0.418123 , 0
0.71578 , 0
1.14757 , 0
1.64101 , 0
2.1212 , 0
2.46004 , 0
2.57258 , 0
2.42618 , 0
2.07299 , 0
1.61504 , 0
1.14976 , 0
0.773205 , 0
0.523851 , 0
0.421513 , 0
0.445619 , 0
0.562391 , 0
0.727878 , 0
0.877675 , 0
0.965623 , 0
0.976657 , 0
0.880591 , 0
0.749642 , 0
0.631116 , 0
0.555143 , 0
0.555563 , 0

2
0 , 0
0 , 0
0 , 0
0 , 0
0 , 0
0 , 0
0 , 0
0 , 0
0 , 0
0 , 0
0 , 0
0 , 0
0 , 0
0 , 0
0 , 0
0 , 0
0 , 0
0 , 0
0 , 0
0 , 0
0 , 0
0 , 0
0 , 0
0 , 0
0 , 0
0 , 0
0 , 0
0 , 0
0 , 0
0 , 0
0 , 0
0 , 0
0 , 0
0 , 0
0 , 0
0 , 0
0 , 0
0 , 0
2.99463e-05 , 2.32916e-05
0.00283938 , 9.50685e-05
0.044372 , 0.000371655
0.269451 , 0.000827784
0.919613 , 0.00962153
2.0468 , 0.00679898
3.32693 , 0.00553287
4.23799 , 0.00396226
4.48866 , 0.00963133
4.13387 , 0.00931296
3.37362 , 0.00734271
2.4878 , 0.00357441
1.678 , 0.00396627
1.04675 , 0.00254943
0.609317 , 0.00451841
0.332519 , 0.00315041
0.168211 , 0.00372889
0.0846712 , 0.00144937
0.046087 , 0.00140663
0.0384875 , 0.000926537
0.0576183 , 0.000961771
0.099694 , 0.000945179
0.172191 , 0.00170321
0.281829 , 0.000606393
0.426986 , 0.000400133
0.589734 , 0.000192096
0.74844 , 0.00219315
0.866083 , 0.00161356
0.915865 , 0.00321966
0.876908 , 0.000112994
0.761737 , 0.00344588
0.605395 , 3.20282e-06
0.441683 , 0.000506722
0.299106 , 0.000295008
0.209563 , 0.00244956
0.183438 , 0.00139314
0.24511 , 0.00397948
0.413733 , 0.00438996
0.712378 , 0.00340198
1.14145 , 0.00611228
1.63864 , 0.00237006
2.12614 , 0.00494169
2.46699 , 0.00694685
2.5822 , 0.00961443
2.43437 , 0.00818889
2.07752 , 0.00452821
1.61387 , 0.00116566
1.14706 , 0.00270321
0.769025 , 0.00417973
0.520167 , 0.00368416
0.417593 , 0.00391973
0.442548 , 0.00307179
0.560416 , 0.0019749
0.727304 , 0.000573123
0.87829 , 0.000614841
0.969451 , 0.00382763
0.979603 , 0.00294634
0.882397 , 0.00180625
0.749806 , 0.000164825
0.629801 , 0.00131539
0.550745 , 0.00439813
0.552942 , 0.00262083

3
0 , 0
0 , 0
0 , 0
0 , 0
0 , 0
0 , 0
0 , 0
0 , 0
0 , 0
0 , 0
0 , 0
0 , 0
0 , 0
0 , 0
0 , 0
0 , 0
0 , 0
0 , 0
0 , 0
0 , 0
0 , 0
0 , 0
0 , 0
0 , 0
0 , 0
0 , 0
0 , 0
0 , 0
0 , 0
0 , 0
0 , 0
0 , 0
0 , 0
0 , 0
0 , 0
0 , 0
0 , 0
0 , 0
3.32737e-05 , 1.38529e-05
0.00285628 , 5.7431e-05
0.044236 , 0.000254029
0.268021 , 0.0015074
0.917229 , 0.00604496
2.04762 , 0.00400867
3.32437 , 0.00409224
4.23876 , 0.00241503
4.49367 , 0.00748432
4.13602 , 0.00578892
3.37507 , 0.00448053
2.48991 , 0.00295187
1.67685 , 0.0025615
1.04623 , 0.00156083
0.60854 , 0.00272204
0.330645 , 0.00261118
0.167778 , 0.0021959
0.0836554 , 0.00131606
0.0464006 , 0.000870579
0.0391325 , 0.000837907
0.0571645 , 0.000717123
0.0987315 , 0.00110643
0.171894 , 0.00102739
0.281916 , 0.000360659
0.424837 , 0.00216173
0.589163 , 0.000581867
0.748726 , 0.0012981
0.866887 , 0.00123042
0.916376 , 0.00192783
0.878293 , 0.00138609
0.763756 , 0.00283455
0.607072 , 0.00167722
0.441307 , 0.00047632
0.298428 , 0.000699308
0.20822 , 0.00195074
0.182125 , 0.00153953
0.243805 , 0.00264187
0.412804 , 0.00269923
0.712482 , 0.0019669
1.13988 , 0.00386333
1.6402 , 0.00207791
2.12694 , 0.002961
2.46972 , 0.00485318
2.58506 , 0.00624286
2.434 , 0.00474229
2.07714 , 0.00264212
1.61218 , 0.00181897
1.14666 , 0.00161048
0.769076 , 0.00241371
0.519803 , 0.00215798
0.416816 , 0.00239288
0.442071 , 0.00183635
0.560724 , 0.00118105
0.727112 , 0.000382708
0.878794 , 0.000616475
0.970653 , 0.00251585
0.980045 , 0.00175759
0.88243 , 0.00104336
0.749086 , 0.000726131
0.628201 , 0.00177062
0.549058 , 0.00304871
0.551243 , 0.00227539

4
0 , 0
0 , 0
0 , 0
0 , 0
0 , 0
0 , 0
0 , 0
0 , 0
0 , 0
0 , 0
0 , 0
0 , 0
0 , 0
0 , 0
0 , 0
0 , 0
0 , 0
0 , 0
0 , 0
0 , 0
0 , 0
0 , 0
0 , 0
0 , 0
0 , 0
0 , 0
0 , 0
0 , 0
0 , 0
0 , 0
0 , 0
0 , 0
0 , 0
0 , 0
0 , 0
0 , 0
0 , 0
0 , 0
4.32558e-05 , 1.39855e-05
0.00286948 , 4.27025e-05
0.0443538 , 0.00021483
0.267983 , 0.00106659
0.918115 , 0.00436531
2.04942 , 0.00336187
3.32592 , 0.00328295
4.23879 , 0.00170799
4.4949 , 0.00543268
4.13079 , 0.00663972
3.37152 , 0.00475316
2.48897 , 0.00228781
1.67773 , 0.00201307
1.04694 , 0.00131231
0.609235 , 0.00204657
0.331191 , 0.00192526
0.167934 , 0.00156051
0.0840084 , 0.000995295
0.0467656 , 0.000715639
0.0397602 , 0.000863173
0.0574804 , 0.000597416
0.0992633 , 0.000945967
0.172671 , 0.00106412
0.282497 , 0.000634829
0.425069 , 0.00154608
0.590127 , 0.00104841
0.747789 , 0.0013112
0.866332 , 0.0010321
0.914441 , 0.00236675
0.877296 , 0.00139807
0.762161 , 0.00256129
0.606867 , 0.00120347
0.441308 , 0.000336813
0.299571 , 0.00124583
0.20906 , 0.00161534
0.183193 , 0.00152474
0.244339 , 0.00194271
0.413228 , 0.00195518
0.713044 , 0.00150016
1.13939 , 0.00277507
1.64083 , 0.00160045
2.12643 , 0.00215358
2.46964 , 0.00343282
2.58295 , 0.00489016
2.43289 , 0.00353062
2.07616 , 0.00210874
1.61176 , 0.00135171
1.14705 , 0.00120365
0.770123 , 0.00200201
0.520937 , 0.00190138
0.417883 , 0.00200054
0.442831 , 0.00150435
0.561724 , 0.00130269
0.726641 , 0.000543248
0.878418 , 0.000575653
0.970199 , 0.0018361
0.979405 , 0.00139815
0.881649 , 0.00107459
0.748805 , 0.000585536
0.628139 , 0.00125359
0.550644 , 0.00267611
0.552841 , 0.00226742

5
0 , 0
0 , 0
0 , 0
0 , 0
0 , 0
0 , 0
0 , 0
0 , 0
0 , 0
0 , 0
0 , 0
0 , 0
0 , 0
0 , 0
0 , 0
0 , 0
0 , 0
0 , 0
0 , 0
0 , 0
0 , 0
0 , 0
0 , 0
0 , 0
0 , 0
0 , 0
0 , 0
0 , 0
0 , 0
0 , 0
0 , 0
0 , 0
0 , 0
0 , 0
0 , 0
0 , 0
0 , 0
0 , 0
3.99284e-05 , 1.13326e-05
0.00287614 , 3.374e-05
0.0438069 , 0.000571663
0.267064 , 0.00123529
0.915367 , 0.00435725
2.04675 , 0.00373306
3.32353 , 0.00348935
4.24263 , 0.00405567
4.49701 , 0.00470876
4.13601 , 0.00732471
3.37363 , 0.0042417
2.48939 , 0.00182122
1.67932 , 0.00222989
1.04671 , 0.0010417
0.607743 , 0.00217712
0.329753 , 0.00207134
0.167045 , 0.00150031
0.0829577 , 0.00130321
0.0459345 , 0.00099897
0.0393487 , 0.000785078
0.0571134 , 0.000590598
0.0988227 , 0.000854986
0.172122 , 0.000990651
0.281684 , 0.000950213
0.424882 , 0.00121205
0.590521 , 0.000902784
0.748027 , 0.00104316
0.867528 , 0.00143847
0.915717 , 0.00223322
0.877733 , 0.0011679
0.763435 , 0.0023574
0.607185 , 0.000984686
0.440979 , 0.000420097
0.299528 , 0.000965971
0.207797 , 0.00177808
0.181768 , 0.00185047
0.242425 , 0.00243459
0.411213 , 0.0025208
0.711676 , 0.00179502
1.13898 , 0.00218805
1.6412 , 0.00129362
2.12814 , 0.00238563
2.47269 , 0.00405249
2.5852 , 0.00440281
2.4365 , 0.00452946
2.07765 , 0.00221153
1.61199 , 0.00107081
1.14589 , 0.0014884
0.76814 , 0.00251744
0.519214 , 0.00226708
0.416162 , 0.00231547
0.441083 , 0.00210098
0.561209 , 0.00113284
0.726355 , 0.00050886
0.879597 , 0.00125995
0.971332 , 0.00181879
0.97975 , 0.00113678
0.882349 , 0.00108799
0.749296 , 0.0006685
0.627814 , 0.00102402
0.549395 , 0.00242002
0.551033 , 0.00252058

6
0 , 0
0 , 0
0 , 0
0 , 0
0 , 0
0 , 0
0 , 0
0 , 0
0 , 0
0 , 0
0 , 0
0 , 0
0 , 0
0 , 0
0 , 0
0 , 0
0 , 0
0 , 0
0 , 0
0 , 0
0 , 0
0 , 0
0 , 0
0 , 0
0 , 0
0 , 0
0 , 0
0 , 0
0 , 0
0 , 0
0 , 0
0 , 0
0 , 0
0 , 0
0 , 0
0 , 0
0 , 0
0 , 0
4.5474e-05 , 1.07876e-05
0.00292283 , 5.42108e-05
0.0438311 , 0.000467386
0.267177 , 0.00101488
0.916085 , 0.00362945
2.04586 , 0.0031764
3.32311 , 0.00287922
4.24243 , 0.00331749
4.49683 , 0.00384865
4.13683 , 0.00603761
3.37308 , 0.00350748
2.48843 , 0.00176933
1.67994 , 0.00192203
1.04678 , 0.000853168
0.608521 , 0.00194031
0.329711 , 0.00169176
0.16714 , 0.00122871
0.0827475 , 0.00108463
0.0458871 , 0.000817033
0.0394757 , 0.000653479
0.0574423 , 0.000583729
0.0991409 , 0.000767167
0.172826 , 0.00107227
0.282079 , 0.000870432
0.424999 , 0.000996467
0.59061 , 0.00074248
0.747867 , 0.000866591
0.867149 , 0.00123405
0.914659 , 0.00210803
0.87653 , 0.0015354
0.762872 , 0.00200534
0.606659 , 0.000960719
0.441129 , 0.000374292
0.300194 , 0.00103215
0.208075 , 0.00147821
0.181887 , 0.00151552
0.242704 , 0.00200737
0.411884 , 0.00216461
0.71225 , 0.00157406
1.13858 , 0.00183292
1.64123 , 0.00105665
2.12757 , 0.00202755
2.47245 , 0.00331771
2.58461 , 0.00364201
2.43632 , 0.00370253
2.07796 , 0.00183184
1.61272 , 0.00114043
1.14631 , 0.00128795
0.767976 , 0.00206195
0.519327 , 0.00185453
0.415898 , 0.00190901
0.441487 , 0.00176254
0.561466 , 0.000959997
0.726157 , 0.000460264
0.87943 , 0.00104211
0.971404 , 0.00148675
0.979199 , 0.00107927
0.882053 , 0.000936524
0.749549 , 0.000601515
0.628445 , 0.00104756
0.5501 , 0.00209788
0.551987 , 0.00226845

7
0 , 0
0 , 0
0 , 0
0 , 0
0 , 0
0 , 0
0 , 0
0 , 0
0 , 0
0 , 0
0 , 0
0 , 0
0 , 0
0 , 0
0 , 0
0 , 0
0 , 0
0 , 0
0 , 0
0 , 0
0 , 0
0 , 0
0 , 0
0 , 0
0 , 0
0 , 0
0 , 0
0 , 0
0 , 0
0 , 0
0 , 0
0 , 0
0 , 0
0 , 0
0 , 0
0 , 0
0 , 0
0 , 0
4.84845e-05 , 9.60136e-06
0.00290095 , 5.07732e-05
0.0437396 , 0.000405475
0.267582 , 0.000948613
0.916239 , 0.00307131
2.04734 , 0.00306637
3.32184 , 0.00274647
4.24106 , 0.00312108
4.49771 , 0.00336867
4.13627 , 0.00513356
3.37185 , 0.00320881
2.48896 , 0.00158684
1.68038 , 0.00168336
1.04766 , 0.00113955
0.608632 , 0.0016436
0.329453 , 0.001453
0.166958 , 0.00105435
0.0825242 , 0.000943475
0.0459371 , 0.000692325
0.0395352 , 0.000555483
0.0576718 , 0.000544076
0.0994497 , 0.000718188
0.172817 , 0.000906277
0.281866 , 0.000765907
0.425162 , 0.000857879
0.590524 , 0.000633346
0.747584 , 0.000785446
0.867208 , 0.00104466
0.915287 , 0.00188903
0.876303 , 0.00131727
0.762912 , 0.00169529
0.605995 , 0.00104844
0.441107 , 0.000317102
0.300003 , 0.000893045
0.208233 , 0.00125929
0.182074 , 0.00129451
0.242622 , 0.00169854
0.412164 , 0.00185088
0.712568 , 0.00136768
1.1385 , 0.00155072
1.64139 , 0.000906628
2.12771 , 0.0017188
2.47288 , 0.00283588
2.58406 , 0.00312643
2.4354 , 0.00326291
2.0778 , 0.00155712
1.61276 , 0.00096463
1.14657 , 0.00111906
0.767804 , 0.00175117
0.519694 , 0.0016097
0.41595 , 0.00161425
0.441699 , 0.00150453
0.56135 , 0.000819477
0.72592 , 0.000455631
0.879008 , 0.000976928
0.971831 , 0.00132732
0.979727 , 0.00105368
0.882006 , 0.000792908
0.749435 , 0.000521012
0.628231 , 0.000910677
0.550459 , 0.001809
0.551831 , 0.0019235

8
0 , 0
0 , 0
0 , 0
0 , 0
0 , 0
0 , 0
0 , 0
0 , 0
0 , 0
0 , 0
0 , 0
0 , 0
0 , 0
0 , 0
0 , 0
0 , 0
0 , 0
0 , 0
0 , 0
0 , 0
0 , 0
0 , 0
0 , 0
0 , 0
0 , 0
0 , 0
0 , 0
0 , 0
0 , 0
0 , 0
0 , 0
0 , 0
0 , 0
0 , 0
0 , 0
0 , 0
0 , 0
0 , 0
4.90786e-05 , 8.33622e-06
0.00292573 , 5.04755e-05
0.0438704 , 0.000374718
0.267484 , 0.000827404
0.91646 , 0.00266899
2.04679 , 0.00271208
3.32165 , 0.00238587
4.24086 , 0.00270965
4.49862 , 0.00305654
4.13505 , 0.00461118
3.37221 , 0.00280214
2.49002 , 0.0017342
1.68067 , 0.00148536
1.04708 , 0.00114495
0.608564 , 0.00142498
0.32922 , 0.00127963
0.167138 , 0.000930647
0.0824827 , 0.00081813
0.0459159 , 0.000599943
0.0395073 , 0.000481868
0.0575426 , 0.00048856
0.099409 , 0.0006233
0.172784 , 0.000785535
0.281848 , 0.000663532
0.425363 , 0.000769643
0.590572 , 0.000550556
0.747768 , 0.000704739
0.866924 , 0.0009483
0.915197 , 0.00163839
0.876289 , 0.00114087
0.763289 , 0.00151599
0.605879 , 0.000915467
0.441152 , 0.000278321
0.30025 , 0.000811824
0.208169 , 0.00109245
0.182129 , 0.00112244
0.242557 , 0.00147242
0.411823 , 0.00163894
0.712149 , 0.00125633
1.13855 , 0.0013436
1.64147 , 0.00078947
2.12803 , 0.00152208
2.47314 , 0.00246966
2.58455 , 0.00275123
2.43543 , 0.00282588
2.07742 , 0.00139903
1.61296 , 0.00085791
1.14641 , 0.000983606
0.767713 , 0.00151931
0.519406 , 0.0014234
0.415731 , 0.00141501
0.441457 , 0.00132515
0.561165 , 0.000733504
0.726365 , 0.000594734
0.879029 , 0.000846327
0.971782 , 0.00115054
0.979795 , 0.000915061
0.882449 , 0.000817216
0.749471 , 0.000452685
0.628361 , 0.000799294
0.550094 , 0.00160855
0.551548 , 0.00168963

9
0 , 0
0 , 0
0 , 0
0 , 0
0 , 0
0 , 0
0 , 0
0 , 0
0 , 0
0 , 0
0 , 0
0 , 0
0 , 0
0 , 0
0 , 0
0 , 0
0 , 0
0 , 0
0 , 0
0 , 0
0 , 0
0 , 0
0 , 0
0 , 0
0 , 0
0 , 0
0 , 0
0 , 0
0 , 0
0 , 0
0 , 0
0 , 0
0 , 0
0 , 0
0 , 0
0 , 0
0 , 0
0 , 0
5.76743e-05 , 1.13109e-05
0.00288656 , 5.92961e-05
0.0436559 , 0.000393999
0.267944 , 0.00086287
0.917117 , 0.00244376
2.04821 , 0.00278515
3.32279 , 0.00239048
4.2401 , 0.0025075
4.49785 , 0.00280388
4.13313 , 0.00449551
3.37081 , 0.00284081
2.48976 , 0.00155108
1.68091 , 0.00133328
1.04691 , 0.00102349
0.609072 , 0.00135523
0.329249 , 0.0011289
0.167542 , 0.000915118
0.0829005 , 0.000833748
0.0460749 , 0.000552473
0.0396069 , 0.000436485
0.0574597 , 0.000438769
0.0993649 , 0.000551471
0.172985 , 0.000721261
0.281951 , 0.000594265
0.425837 , 0.000827426
0.590132 , 0.000654984
0.747785 , 0.000621752
0.866266 , 0.00106425
0.914867 , 0.00148215
0.876474 , 0.00102298
0.763329 , 0.00133756
0.606227 , 0.000879459
0.441254 , 0.000265935
0.300519 , 0.000764816
0.208232 , 0.000965483
0.182467 , 0.00104597
0.242897 , 0.00134246
0.412211 , 0.00149669
0.713186 , 0.00151784
1.13921 , 0.00135941
1.64136 , 0.000706029
2.12694 , 0.00172903
2.47205 , 0.00243377
2.58352 , 0.00263627
2.43494 , 0.00253812
2.07679 , 0.00138653
1.61262 , 0.000827616
1.14639 , 0.000867716
0.767843 , 0.00134625
0.519784 , 0.00131096
0.416535 , 0.00148442
0.44212 , 0.00134348
0.561492 , 0.000725029
0.726662 , 0.000602681
0.878912 , 0.000755511
0.971617 , 0.00102802
0.979567 , 0.000838663
0.881996 , 0.000850952
0.749108 , 0.000539838
0.628167 , 0.000731146
0.550255 , 0.0014277
0.551614 , 0.00149156

10
0 , 0
0 , 0
0 , 0
0 , 0
0 , 0
0 , 0
0 , 0
0 , 0
0 , 0
0 , 0
0 , 0
0 , 0
0 , 0
0 , 0
0 , 0
0 , 0
0 , 0
0 , 0
0 , 0
0 , 0
0 , 0
0 , 0
0 , 0
0 , 0
0 , 0
0 , 0
0 , 0
0 , 0
0 , 0
0 , 0
0 , 0
0 , 0
0 , 0
0 , 0
0 , 0
0 , 0
0 , 0
0 , 0
6.25545e-05 , 1.12323e-05
0.00293381 , 7.10326e-05
0.0438371 , 0.000396303
0.26811 , 0.000789412
0.917497 , 0.00221855
2.04852 , 0.00250989
3.32287 , 0.00213961
4.24107 , 0.0024403
4.49597 , 0.00313399
4.13276 , 0.00403766
3.37031 , 0.0025896
2.48903 , 0.00157024
1.6813 , 0.00125195
1.04725 , 0.000974929
0.609184 , 0.00121736
0.329296 , 0.0010108
0.167668 , 0.000828117
0.0830501 , 0.000760598
0.0461785 , 0.000504888
0.0396512 , 0.000392902
0.0574593 , 0.000392447
0.0995021 , 0.000511989
0.173284 , 0.000710987
0.282233 , 0.000601471
0.425878 , 0.000741259
0.589969 , 0.000608197
0.747694 , 0.00056353
0.866008 , 0.000986231
0.914284 , 0.0014484
0.876576 , 0.000920592
0.763241 , 0.00119955
0.606164 , 0.00078912
0.441282 , 0.000239439
0.300675 , 0.000701717
0.208364 , 0.000873533
0.182735 , 0.000973168
0.243185 , 0.00123468
0.412522 , 0.00137423
0.713599 , 0.001419
1.13975 , 0.00132773
1.64207 , 0.000954086
2.12675 , 0.00155771
2.4706 , 0.00261644
2.58227 , 0.00266964
2.43425 , 0.00237431
2.07635 , 0.00131601
1.61247 , 0.000754686
1.14691 , 0.000936933
0.767927 , 0.00120706
0.520519 , 0.00138373
0.41704 , 0.0014206
0.442607 , 0.00129658
0.561752 , 0.000698435
0.726904 , 0.000591076
0.878678 , 0.000715304
0.970998 , 0.00110846
0.979263 , 0.00080913
0.881444 , 0.000940336
0.74915 , 0.000484697
0.628319 , 0.000671442
0.550596 , 0.00132192
0.552184 , 0.00145065

11
0 , 0
0 , 0
0 , 0
0 , 0
0 , 0
0 , 0
0 , 0
0 , 0
0 , 0
0 , 0
0 , 0
0 , 0
0 , 0
0 , 0
0 , 0
0 , 0
0 , 0
0 , 0
0 , 0
0 , 0
0 , 0
0 , 0
0 , 0
0 , 0
0 , 0
0 , 0
0 , 0
0 , 0
0 , 0
0 , 0
0 , 0
0 , 0
0 , 0
0 , 0
0 , 0
0 , 0
0 , 0
0 , 0
6.59423e-05 , 1.07099e-05
0.00294655 , 6.5501e-05
0.0437388 , 0.000371713
0.267629 , 0.000861205
0.917363 , 0.00201116
2.04858 , 0.00227118
3.32281 , 0.00193621
4.23995 , 0.00247309
4.49689 , 0.00297918
4.13319 , 0.00367723
3.37175 , 0.0027519
2.48944 , 0.00147841
1.68124 , 0.00113368
1.0469 , 0.000949423
0.608566 , 0.00126298
0.329162 , 0.000924051
0.167727 , 0.000751339
0.083 , 0.000689811
0.0460643 , 0.000470741
0.0394463 , 0.000410216
0.0573172 , 0.000382373
0.0994111 , 0.000471976
0.173245 , 0.000644307
0.282318 , 0.000550633
0.426036 , 0.000688717
0.589992 , 0.000550611
0.747742 , 0.000512025
0.866065 , 0.000893929
0.914445 , 0.00132004
0.876885 , 0.000888343
0.763069 , 0.0010987
0.606286 , 0.00072399
0.441025 , 0.000336194
0.300709 , 0.000635641
0.208256 , 0.000797426
0.182469 , 0.000919553
0.242815 , 0.00117643
0.412084 , 0.00131779
0.712929 , 0.00144777
1.13958 , 0.00121219
1.64179 , 0.000906929
2.12702 , 0.00143386
2.4712 , 0.00244131
2.583 , 0.0025216
2.43544 , 0.00245396
2.07713 , 0.00142353
1.61274 , 0.000731288
1.14684 , 0.000850478
0.767523 , 0.00116416
0.520084 , 0.00132484
0.416522 , 0.00138549
0.442341 , 0.00120259
0.561376 , 0.000734902
0.726694 , 0.000574507
0.878883 , 0.000678887
0.971232 , 0.00102947
0.979489 , 0.000765838
0.881483 , 0.000851471
0.749235 , 0.000446464
0.628148 , 0.000631185
0.550551 , 0.00119657
0.551738 , 0.00138581

12
0 , 0
0 , 0
0 , 0
0 , 0
0 , 0
0 , 0
0 , 0
0 , 0
0 , 0
0 , 0
0 , 0
0 , 0
0 , 0
0 , 0
0 , 0
0 , 0
0 , 0
0 , 0
0 , 0
0 , 0
0 , 0
0 , 0
0 , 0
0 , 0
0 , 0
0 , 0
0 , 0
0 , 0
0 , 0
0 , 0
0 , 0
0 , 0
0 , 0
0 , 0
0 , 0
0 , 0
0 , 0
0 , 0
7.26475e-05 , 1.18552e-05
0.00294237 , 5.99397e-05
0.043813 , 0.000347337
0.26792 , 0.000838299
0.918013 , 0.00194752
2.04934 , 0.00220626
3.32257 , 0.0017838
4.23931 , 0.00234622
4.49661 , 0.00273421
4.13253 , 0.00342224
3.37179 , 0.00251251
2.48865 , 0.00156393
1.68088 , 0.00109634
1.04704 , 0.000877539
0.608586 , 0.00115312
0.329348 , 0.000863888
0.168071 , 0.00076728
0.0832631 , 0.000682451
0.0462669 , 0.000475076
0.039634 , 0.000418886
0.0574227 , 0.000364648
0.0995654 , 0.000457647
0.173369 , 0.000601202
0.282354 , 0.00050396
0.426158 , 0.000640515
0.589848 , 0.000522731
0.747562 , 0.000500788
0.865884 , 0.000835982
0.914036 , 0.00127267
0.876705 , 0.000830799
0.762985 , 0.00100642
0.606378 , 0.000667362
0.441049 , 0.000307841
0.300752 , 0.000581853
0.208518 , 0.000773637
0.182657 , 0.000860203
0.24313 , 0.00111913
0.412691 , 0.00134728
0.713111 , 0.00133404
1.13983 , 0.00113502
1.64162 , 0.000845217
2.12657 , 0.00138154
2.4708 , 0.00226437
2.58209 , 0.00247467
2.43462 , 0.00238518
2.07707 , 0.0013008
1.61276 , 0.000668115
1.14735 , 0.000931834
0.767775 , 0.00109219
0.520198 , 0.0012147
0.416809 , 0.00129687
0.442508 , 0.00111047
0.561761 , 0.000773376
0.726712 , 0.000524763
0.878731 , 0.000638203
0.971368 , 0.000949582
0.979336 , 0.000715595
0.881139 , 0.000850016
0.749051 , 0.000447091
0.628399 , 0.00062866
0.550879 , 0.00114047
0.551739 , 0.00126507

13
0 , 0
0 , 0
0 , 0
0 , 0
0 , 0
0 , 0
0 , 0
0 , 0
0 , 0
0 , 0
0 , 0
0 , 0
0 , 0
0 , 0
0 , 0
0 , 0
0 , 0
0 , 0
0 , 0
0 , 0
0 , 0
0 , 0
0 , 0
0 , 0
0 , 0
0 , 0
0 , 0
0 , 0
0 , 0
0 , 0
0 , 0
0 , 0
0 , 0
0 , 0
0 , 0
0 , 0
0 , 0
0 , 0
7.01306e-05 , 1.11918e-05
0.00293737 , 5.53625e-05
0.0436187 , 0.000373951
0.267822 , 0.000777282
0.917551 , 0.00185005
2.04913 , 0.00203999
3.32196 , 0.00175059
4.23979 , 0.00221142
4.49692 , 0.0025351
4.13281 , 0.00316104
3.37237 , 0.00238178
2.48957 , 0.00171
1.68102 , 0.00101743
1.04715 , 0.000814823
0.608227 , 0.00111989
0.329063 , 0.000844491
0.167895 , 0.000727374
0.0830712 , 0.000656431
0.0461679 , 0.000448075
0.0395557 , 0.000393204
0.0572589 , 0.000373274
0.0994118 , 0.000448123
0.173288 , 0.00055896
0.282271 , 0.00047103
0.426051 , 0.000598814
0.590118 , 0.000551354
0.747785 , 0.000511586
0.866116 , 0.000803375
0.914153 , 0.00117658
0.876508 , 0.000789015
0.763094 , 0.000932139
0.606427 , 0.000615818
0.440948 , 0.000300672
0.300674 , 0.000540832
0.208352 , 0.000730842
0.182603 , 0.000793134
0.242856 , 0.00106539
0.412285 , 0.00130391
0.712799 , 0.00126617
1.13958 , 0.00107324
1.64172 , 0.000783215
2.12677 , 0.0012864
2.47104 , 0.00209687
2.5831 , 0.00249236
2.43508 , 0.00224168
2.07738 , 0.00123449
1.61301 , 0.000664053
1.14716 , 0.000878129
0.767558 , 0.00102784
0.519972 , 0.00114
0.416371 , 0.00127065
0.442252 , 0.00105298
0.561538 , 0.00074551
0.726498 , 0.000528036
0.878698 , 0.000587986
0.971668 , 0.000923502
0.97957 , 0.000698633
0.881338 , 0.000806814
0.749243 , 0.000453929
0.628284 , 0.000589618
0.550592 , 0.00108772
0.551698 , 0.00116441

14
0 , 0
0 , 0
0 , 0
0 , 0
0 , 0
0 , 0
0 , 0
0 , 0
0 , 0
0 , 0
0 , 0
0 , 0
0 , 0
0 , 0
0 , 0
0 , 0
0 , 0
0 , 0
0 , 0
0 , 0
0 , 0
0 , 0
0 , 0
0 , 0
0 , 0
0 , 0
0 , 0
0 , 0
0 , 0
0 , 0
0 , 0
0 , 0
0 , 0
0 , 0
0 , 0
0 , 0
0 , 0
0 , 0
6.93993e-05 , 1.03874e-05
0.00294531 , 5.1867e-05
0.0435328 , 0.000356692
0.267622 , 0.000746873
0.918019 , 0.00177537
2.04972 , 0.00197749
3.32165 , 0.00165069
4.23936 , 0.00209295
4.49641 , 0.00240144
4.13242 , 0.00295213
3.37327 , 0.00238218
2.48929 , 0.00160712
1.68078 , 0.000971123
1.04753 , 0.000844251
0.608304 , 0.00103968
0.328967 , 0.000787642
0.168002 , 0.000681972
0.0831605 , 0.000614261
0.0461861 , 0.000415234
0.0396737 , 0.000382702
0.0572728 , 0.000345862
0.0995149 , 0.000427509
0.173364 , 0.000523088
0.282443 , 0.000468889
0.425798 , 0.000609327
0.589955 , 0.000535887
0.747887 , 0.000484467
0.866113 , 0.000743789
0.913801 , 0.00114481
0.876415 , 0.000736441
0.762956 , 0.000873938
0.606325 , 0.000579112
0.441182 , 0.000364079
0.30059 , 0.000507859
0.208335 , 0.000676822
0.182783 , 0.000756159
0.243071 , 0.00100961
0.412452 , 0.00121866
0.712947 , 0.00118149
1.13954 , 0.000994623
1.64169 , 0.000725665
2.12625 , 0.00130124
2.47102 , 0.00194138
2.5829 , 0.00231619
2.43519 , 0.00207827
2.07731 , 0.00114493
1.61303 , 0.00061508
1.14726 , 0.000819262
0.767481 , 0.000954763
0.519988 , 0.00105555
0.416568 , 0.00119268
0.442288 , 0.00097553
0.561796 , 0.000736757
0.726429 , 0.000493717
0.878624 , 0.000549424
0.971333 , 0.000918183
0.979565 , 0.000646829
0.881499 , 0.000764035
0.749398 , 0.000448027
0.628594 , 0.000627668
0.550692 , 0.00101199
0.552021 , 0.00112554

15
0 , 0
0 , 0
0 , 0
0 , 0
0 , 0
0 , 0
0 , 0
0 , 0
0 , 0
0 , 0
0 , 0
0 , 0
0 , 0
0 , 0
0 , 0
0 , 0
0 , 0
0 , 0
0 , 0
0 , 0
0 , 0
0 , 0
0 , 0
0 , 0
0 , 0
0 , 0
0 , 0
0 , 0
0 , 0
0 , 0
0 , 0
0 , 0
0 , 0
0 , 0
0 , 0
0 , 0
0 , 0
0 , 0
6.92092e-05 , 9.67201e-06
0.00294332 , 4.83266e-05
0.0434657 , 0.000338782
0.267497 , 0.000706411
0.918262 , 0.00167068
2.04945 , 0.00186099
3.32199 , 0.00157443
4.23929 , 0.00194985
4.49653 , 0.0022384
4.13313 , 0.00283636
3.3728 , 0.00226792
2.48934 , 0.00149687
1.68069 , 0.000908626
1.04744 , 0.00079072
0.607944 , 0.00103272
0.328906 , 0.00073584
0.168101 , 0.000642416
0.083257 , 0.000579936
0.0462522 , 0.000392175
0.0396833 , 0.000356406
0.0572466 , 0.000323042
0.0993545 , 0.000429079
0.173238 , 0.000502949
0.282293 , 0.000461419
0.425695 , 0.000576681
0.589814 , 0.000518576
0.74818 , 0.000538099
0.866422 , 0.00075821
0.914158 , 0.00112387
0.876444 , 0.000686208
0.762903 , 0.000815318
0.606334 , 0.000539191
0.441183 , 0.00033894
0.300466 , 0.000488601
0.20823 , 0.000638913
0.182761 , 0.00070429
0.243089 , 0.000940061
0.412316 , 0.00114264
0.712863 , 0.00110307
1.1393 , 0.000956994
1.64176 , 0.000679838
2.1264 , 0.00122038
2.47156 , 0.00188542
2.58269 , 0.00216619
2.43512 , 0.00193591
2.07748 , 0.00107965
1.61306 , 0.000573264
1.14727 , 0.000762711
0.767264 , 0.00091497
0.519944 , 0.000983622
0.416504 , 0.00111216
0.442265 , 0.000908464
0.561766 , 0.000686517
0.72632 , 0.000472359
0.878774 , 0.000533269
0.971523 , 0.000875786
0.979539 , 0.000602759
0.881692 , 0.000736919
0.74925 , 0.000442686
0.628379 , 0.000622556
0.550583 , 0.000948453
0.551855 , 0.00106099

16
0 , 0
0 , 0
0 , 0
0 , 0
0 , 0
0 , 0
0 , 0
0 , 0
0 , 0
0 , 0
0 , 0
0 , 0
0 , 0
0 , 0
0 , 0
0 , 0
0 , 0
0 , 0
0 , 0
0 , 0
0 , 0
0 , 0
0 , 0
0 , 0
0 , 0
0 , 0
0 , 0
0 , 0
0 , 0
0 , 0
0 , 0
0 , 0
0 , 0
0 , 0
0 , 0
0 , 0
0 , 0
0 , 0
6.98747e-05 , 9.07178e-06
0.0029594 , 4.7981e-05
0.0434077 , 0.000322163
0.267572 , 0.000664993
0.918174 , 0.00156528
2.05014 , 0.00187447
3.32213 , 0.00147963
4.23886 , 0.00187279
4.49648 , 0.00209441
4.13225 , 0.00279324
3.37229 , 0.00218079
2.48987 , 0.00149785
1.68137 , 0.0010904
1.04746 , 0.000740049
0.608076 , 0.00097504
0.32873 , 0.000710397
0.168033 , 0.000604692
0.0832307 , 0.000543119
0.046254 , 0.000366851
0.0396469 , 0.000335378
0.057266 , 0.000302801
0.0992528 , 0.000414053
0.173113 , 0.000486763
0.282178 , 0.000446838
0.42594 , 0.000592729
0.58979 , 0.000485638
0.7485 , 0.000596152
0.866404 , 0.000709475
0.914102 , 0.0010528
0.87643 , 0.000642043
0.76273 , 0.000781995
0.606273 , 0.000507998
0.441273 , 0.000329692
0.300454 , 0.000457213
0.208211 , 0.000597937
0.18275 , 0.000658902
0.243039 , 0.000880749
0.41242 , 0.00107387
0.712662 , 0.00105118
1.13925 , 0.000896263
1.64171 , 0.000637951
2.12682 , 0.00121905
2.47157 , 0.00176366
2.58284 , 0.00203168
2.43519 , 0.00181234
2.07737 , 0.00101605
1.61299 , 0.000540319
1.14722 , 0.00071542
0.767102 , 0.000870996
0.519841 , 0.000925888
0.416566 , 0.00104218
0.442289 , 0.000850115
0.561703 , 0.00064532
0.726354 , 0.000443199
0.878841 , 0.000503234
0.971358 , 0.00083584
0.979607 , 0.000567935
0.881912 , 0.000723798
0.749301 , 0.000417282
0.628284 , 0.000590089
0.550436 , 0.000899223
0.551873 , 0.000992643

17
0 , 0
0 , 0
0 , 0
0 , 0
0 , 0
0 , 0
0 , 0
0 , 0
0 , 0
0 , 0
0 , 0
0 , 0
0 , 0
0 , 0
0 , 0
0 , 0
0 , 0
0 , 0
0 , 0
0 , 0
0 , 0
0 , 0
0 , 0
0 , 0
0 , 0
0 , 0
0 , 0
0 , 0
0 , 0
0 , 0
0 , 0
0 , 0
0 , 0
0 , 0
0 , 0
0 , 0
0 , 0
0 , 0
7.20277e-05 , 8.78923e-06
0.00295607 , 4.51933e-05
0.0434166 , 0.000302751
0.267561 , 0.000624758
0.918094 , 0.00147247
2.0492 , 0.00199502
3.32187 , 0.00141364
4.23871 , 0.00176576
4.49743 , 0.00218551
4.13343 , 0.00287641
3.37231 , 0.00204859
2.49016 , 0.00143536
1.6814 , 0.00102456
1.04722 , 0.000735399
0.607913 , 0.000930317
0.328588 , 0.000682272
0.167836 , 0.000601349
0.0830861 , 0.000530275
0.0462078 , 0.000347683
0.0395655 , 0.000325366
0.0572395 , 0.000285669
0.0991882 , 0.000394266
0.173099 , 0.00045747
0.281997 , 0.000456908
0.425872 , 0.000560987
0.58968 , 0.00046935
0.748714 , 0.000599554
0.866611 , 0.000697799
0.914266 , 0.00100254
0.876488 , 0.000605933
0.763024 , 0.000791062
0.606186 , 0.000485166
0.441207 , 0.000316713
0.300372 , 0.000437238
0.208162 , 0.000563811
0.182636 , 0.000629284
0.242725 , 0.000885007
0.41212 , 0.00105245
0.712461 , 0.00100779
1.13906 , 0.000863412
1.64164 , 0.00060406
2.12677 , 0.00114623
2.47169 , 0.00166095
2.58349 , 0.00201443
2.43615 , 0.00195407
2.07776 , 0.00103034
1.61303 , 0.000508659
1.14693 , 0.000732494
0.767023 , 0.000821959
0.519464 , 0.000948021
0.416193 , 0.00104763
0.442166 , 0.000807865
0.561611 , 0.000613125
0.726383 , 0.000417302
0.87875 , 0.000481303
0.971743 , 0.000874488
0.979847 , 0.000585228
0.88193 , 0.000680131
0.749302 , 0.00039197
0.628129 , 0.000575436
0.550337 , 0.000850464
0.551716 , 0.000945622

18
0 , 0
0 , 0
0 , 0
0 , 0
0 , 0
0 , 0
0 , 0
0 , 0
0 , 0
0 , 0
0 , 0
0 , 0
0 , 0
0 , 0
0 , 0
0 , 0
0 , 0
0 , 0
0 , 0
0 , 0
0 , 0
0 , 0
0 , 0
0 , 0
0 , 0
0 , 0
0 , 0
0 , 0
0 , 0
0 , 0
0 , 0
0 , 0
0 , 0
0 , 0
0 , 0
0 , 0
0 , 0
0 , 0
7.43112e-05 , 8.59543e-06
0.00296508 , 4.35508e-05
0.043395 , 0.000286254
0.267278 , 0.000653451
0.91815 , 0.00138937
2.04909 , 0.00188398
3.32216 , 0.00136285
4.23813 , 0.00176402
4.49824 , 0.00221636
4.13317 , 0.00272415
3.37218 , 0.00193565
2.49013 , 0.00135351
1.68198 , 0.00112894
1.04726 , 0.0006946
0.607673 , 0.000909355
0.328597 , 0.000643325
0.167707 , 0.00058144
0.0830367 , 0.000502375
0.0462434 , 0.00032973
0.0395602 , 0.000306804
0.0572379 , 0.000269336
0.0991989 , 0.000371872
0.173015 , 0.000439414
0.281912 , 0.000439166
0.425864 , 0.000528957
0.589713 , 0.000443738
0.748854 , 0.00058246
0.866827 , 0.000692465
0.914222 , 0.000946251
0.876509 , 0.000571653
0.763062 , 0.000746816
0.605993 , 0.000496325
0.441072 , 0.000327596
0.300285 , 0.0004213
0.208189 , 0.000532268
0.182627 , 0.000593368
0.242663 , 0.000836652
0.412073 , 0.000993341
0.712248 , 0.000973689
1.13891 , 0.000827988
1.64196 , 0.000653576
2.12703 , 0.00110995
2.4717 , 0.00156604
2.58342 , 0.00190049
2.43612 , 0.00184254
2.07803 , 0.00100877
1.61282 , 0.000523906
1.14716 , 0.00072902
0.767175 , 0.000789634
0.519346 , 0.000901488
0.416074 , 0.000994874
0.442116 , 0.000763308
0.561755 , 0.000595805
0.726401 , 0.000393862
0.878782 , 0.000454905
0.971583 , 0.000839893
0.979723 , 0.000565503
0.881973 , 0.000642654
0.749133 , 0.000406357
0.628228 , 0.000551485
0.550417 , 0.000805853
0.551785 , 0.00089421

19
0 , 0
0 , 0
0 , 0
0 , 0
0 , 0
0 , 0
0 , 0
0 , 0
0 , 0
0 , 0
0 , 0
0 , 0
0 , 0
0 , 0
0 , 0
0 , 0
0 , 0
0 , 0
0 , 0
0 , 0
0 , 0
0 , 0
0 , 0
0 , 0
0 , 0
0 , 0
0 , 0
0 , 0
0 , 0
0 , 0
0 , 0
0 , 0
0 , 0
0 , 0
0 , 0
0 , 0
0 , 0
0 , 0
7.21513e-05 , 8.41246e-06
0.00296981 , 4.14651e-05
0.0434237 , 0.000272284
0.267302 , 0.000618582
0.917898 , 0.00133812
2.0489 , 0.00179266
3.32216 , 0.00128913
4.23803 , 0.00167134
4.49813 , 0.0020994
4.1336 , 0.0026124
3.37268 , 0.00189846
2.49029 , 0.00129026
1.68199 , 0.00106792
1.04723 , 0.000658104
0.6075 , 0.000877381
0.328274 , 0.000689086
0.167731 , 0.000550514
0.0830142 , 0.000475735
0.046208 , 0.000313899
0.0395405 , 0.000290875
0.0572266 , 0.000255016
0.0992513 , 0.000355639
0.173019 , 0.000415664
0.28202 , 0.00042931
0.425812 , 0.000503041
0.589703 , 0.000419843
0.74878 , 0.000555967
0.866941 , 0.000664856
0.914274 , 0.000896585
0.876392 , 0.000553286
0.76313 , 0.00070964
0.606015 , 0.00047
0.440989 , 0.000320931
0.300365 , 0.000406467
0.208111 , 0.000509533
0.182553 , 0.000566071
0.242546 , 0.000800071
0.412032 , 0.000940513
0.712228 , 0.000921226
1.13895 , 0.000783972
1.6421 , 0.00063411
2.1269 , 0.00105728
2.47196 , 0.00150417
2.58346 , 0.0017982
2.43636 , 0.00175908
2.07816 , 0.000963104
1.61278 , 0.000496968
1.1471 , 0.000692524
0.766949 , 0.000780365
0.519294 , 0.000854308
0.415931 , 0.000951759
0.441942 , 0.000742712
0.561538 , 0.000603789
0.726213 , 0.000417512
0.878962 , 0.000466465
0.97176 , 0.00081406
0.980041 , 0.000622343
0.882201 , 0.00064917
0.749283 , 0.00041238
0.628111 , 0.000534695
0.550285 , 0.00077362
0.551585 , 0.000869149

20
0 , 0
0 , 0
0 , 0
0 , 0
0 , 0
0 , 0
0 , 0
0 , 0
0 , 0
0 , 0
0 , 0
0 , 0
0 , 0
0 , 0
0 , 0
0 , 0
0 , 0
0 , 0
0 , 0
0 , 0
0 , 0
0 , 0
0 , 0
0 , 0
0 , 0
0 , 0
0 , 0
0 , 0
0 , 0
0 , 0
0 , 0
0 , 0
0 , 0
0 , 0
0 , 0
0 , 0
0 , 0
0 , 0
7.18711e-05 , 7.98568e-06
0.00296233 , 4.00406e-05
0.0433005 , 0.000286167
0.267122 , 0.000613817
0.91781 , 0.00127252
2.04896 , 0.00170163
3.32261 , 0.00130553
4.23785 , 0.00159583
4.49817 , 0.00199198
4.13386 , 0.00249109
3.37275 , 0.00180231
2.49041 , 0.00122945
1.68196 , 0.00101358
1.04707 , 0.000644872
0.607193 , 0.000887321
0.328126 , 0.000670229
0.167857 , 0.000537362
0.0830105 , 0.000451337
0.0463114 , 0.000315216
0.0395935 , 0.000280998
0.0572644 , 0.000244873
0.0992629 , 0.000337586
0.172987 , 0.000395636
0.282102 , 0.000415391
0.425827 , 0.000477461
0.589701 , 0.000398303
0.748613 , 0.000553325
0.866937 , 0.000630748
0.914369 , 0.000855866
0.876228 , 0.000549888
0.763149 , 0.000673494
0.606072 , 0.000449511
0.440875 , 0.000325067
0.300353 , 0.000385784
0.208151 , 0.000485089
0.182518 , 0.000538155
0.242458 , 0.000764061
0.41201 , 0.000892533
0.71224 , 0.000874035
1.13914 , 0.000767406
1.64202 , 0.000606579
2.12696 , 0.00100443
2.47196 , 0.00142699
2.58357 , 0.00170954
2.43657 , 0.00168124
2.0782 , 0.000914699
1.61268 , 0.000481884
1.14689 , 0.000687929
0.766979 , 0.00074096
0.519291 , 0.000810476
0.415859 , 0.000905809
0.441948 , 0.000704622
0.561573 , 0.000573824
0.726254 , 0.000398199
0.879028 , 0.000447378
0.97173 , 0.000772876
0.980114 , 0.000594837
0.882132 , 0.000619725
0.749311 , 0.000392256
0.628082 , 0.000508066
0.550278 , 0.000733961
0.551639 , 0.000826286

21
0 , 0
0 , 0
0 , 0
0 , 0
0 , 0
0 , 0
0 , 0
0 , 0
0 , 0
0 , 0
0 , 0
0 , 0
0 , 0
0 , 0
0 , 0
0 , 0
0 , 0
0 , 0
0 , 0
0 , 0
0 , 0
0 , 0
0 , 0
0 , 0
0 , 0
0 , 0
0 , 0
0 , 0
0 , 0
0 , 0
0 , 0
0 , 0
0 , 0
0 , 0
0 , 0
0 , 0
0 , 0
0 , 0
7.035e-05 , 7.7467e-06
0.00295618 , 3.85806e-05
0.0432702 , 0.000273877
0.267167 , 0.000585575
0.917931 , 0.00121646
2.04907 , 0.00162255
3.32232 , 0.00127654
4.23823 , 0.00156421
4.49851 , 0.00192464
4.13347 , 0.00240073
3.37267 , 0.00171625
2.48966 , 0.00138494
1.68203 , 0.000966813
1.04733 , 0.000667285
0.607289 , 0.00084953
0.328153 , 0.000638061
0.167847 , 0.000511233
0.0830534 , 0.000431447
0.0463516 , 0.000302513
0.039603 , 0.000267452
0.0572596 , 0.00023297
0.099269 , 0.000321167
0.172994 , 0.000376396
0.282179 , 0.000402575
0.426002 , 0.000486786
0.589841 , 0.000403762
0.748592 , 0.000526731
0.866814 , 0.000612411
0.914289 , 0.000817977
0.876049 , 0.000552781
0.762983 , 0.000661745
0.606012 , 0.000431726
0.44091 , 0.000311187
0.30035 , 0.000366964
0.208273 , 0.000477142
0.182588 , 0.000516628
0.242529 , 0.000730171
0.412088 , 0.000852539
0.712135 , 0.000838065
1.13921 , 0.00073406
1.64205 , 0.000577741
2.12685 , 0.000961386
2.47221 , 0.00138059
2.58339 , 0.00163659
2.43666 , 0.00160188
2.0779 , 0.000922378
1.61258 , 0.000469814
1.1469 , 0.000654366
0.766868 , 0.00071357
0.519467 , 0.000790813
0.415956 , 0.000867073
0.4421 , 0.000687314
0.561691 , 0.000558475
0.726148 , 0.000393235
0.879071 , 0.000427741
0.971721 , 0.000735205
0.979965 , 0.000585009
0.882025 , 0.000599071
0.749293 , 0.000373582
0.628067 , 0.000483499
0.550446 , 0.000718147
0.551747 , 0.000793335

22
0 , 0
0 , 0
0 , 0
0 , 0
0 , 0
0 , 0
0 , 0
0 , 0
0 , 0
0 , 0
0 , 0
0 , 0
0 , 0
0 , 0
0 , 0
0 , 0
0 , 0
0 , 0
0 , 0
0 , 0
0 , 0
0 , 0
0 , 0
0 , 0
0 , 0
0 , 0
0 , 0
0 , 0
0 , 0
0 , 0
0 , 0
0 , 0
0 , 0
0 , 0
0 , 0
0 , 0
0 , 0
0 , 0
6.98747e-05 , 7.40146e-06
0.00294655 , 3.80249e-05
0.0431848 , 0.000274767
0.266954 , 0.000597596
0.917587 , 0.00120961
2.04906 , 0.00154711
3.32221 , 0.00122207
4.23848 , 0.00151331
4.4992 , 0.00196059
4.13324 , 0.0023008
3.37285 , 0.00164634
2.48971 , 0.00132115
1.68242 , 0.000999507
1.04716 , 0.000658803
0.60729 , 0.000809995
0.327954 , 0.000639917
0.167747 , 0.00049762
0.0830141 , 0.000413243
0.0462628 , 0.000301772
0.039605 , 0.000255013
0.0571795 , 0.000236145
0.0992606 , 0.000306337
0.17297 , 0.000359696
0.282207 , 0.000384899
0.426004 , 0.000464134
0.589907 , 0.000390504
0.748661 , 0.000506981
0.86679 , 0.000584418
0.914402 , 0.000788034
0.876044 , 0.000527081
0.763158 , 0.000654756
0.605838 , 0.000446974
0.440858 , 0.000301163
0.300278 , 0.000357329
0.208252 , 0.00045544
0.182507 , 0.000499303
0.242433 , 0.000702762
0.412026 , 0.000815186
0.711849 , 0.000848468
1.13916 , 0.000702188
1.64206 , 0.0005509
2.12691 , 0.000918829
2.47243 , 0.00133423
2.58383 , 0.00162187
2.43689 , 0.00154403
2.07804 , 0.000891225
1.61266 , 0.000455312
1.14681 , 0.000630024
0.766572 , 0.000742029
0.519216 , 0.000794666
0.415855 , 0.000832867
0.442078 , 0.000655697
0.561616 , 0.000537742
0.726212 , 0.000380266
0.87913 , 0.000412024
0.97174 , 0.000701247
0.98003 , 0.000561562
0.882214 , 0.000601763
0.749345 , 0.000360019
0.628044 , 0.000461596
0.550329 , 0.000694683
0.551624 , 0.000766376

23
0 , 0
0 , 0
0 , 0
0 , 0
0 , 0
0 , 0
0 , 0
0 , 0
0 , 0
0 , 0
0 , 0
0 , 0
0 , 0
0 , 0
0 , 0
0 , 0
0 , 0
0 , 0
0 , 0
0 , 0
0 , 0
0 , 0
0 , 0
0 , 0
0 , 0
0 , 0
0 , 0
0 , 0
0 , 0
0 , 0
0 , 0
0 , 0
0 , 0
0 , 0
0 , 0
0 , 0
0 , 0
0 , 0
6.94407e-05 , 7.08565e-06
0.00295429 , 3.71495e-05
0.0431577 , 0.000263941
0.266967 , 0.000571168
0.917734 , 0.00116508
2.04924 , 0.00148931
3.32223 , 0.00116798
4.23843 , 0.00144695
4.49917 , 0.00187365
4.13279 , 0.00224304
3.3724 , 0.00163756
2.48998 , 0.00129207
1.68234 , 0.000958403
1.04721 , 0.000631451
0.607401 , 0.000781952
0.328172 , 0.000649167
0.167707 , 0.000477146
0.0830912 , 0.000402319
0.0463306 , 0.000296216
0.0397067 , 0.000264068
0.0572859 , 0.000249474
0.0993267 , 0.000300083
0.173053 , 0.000353576
0.282193 , 0.000368067
0.425917 , 0.000451823
0.590002 , 0.000385285
0.748762 , 0.000494826
0.866643 , 0.000577541
0.914019 , 0.000844736
0.875679 , 0.000622044
0.763032 , 0.000638251
0.60582 , 0.000427491
0.440892 , 0.000289724
0.300405 , 0.00036449
0.208353 , 0.000446897
0.182699 , 0.000514435
0.242663 , 0.000709821
0.412227 , 0.000804488
0.712024 , 0.000829307
1.13921 , 0.000672974
1.64207 , 0.000526469
2.12689 , 0.000878359
2.47186 , 0.00139507
2.5837 , 0.00155506
2.43653 , 0.00151762
2.07787 , 0.00086807
1.61267 , 0.000435283
1.14686 , 0.000604298
0.766868 , 0.0007684
0.519398 , 0.000780829
0.415966 , 0.000803466
0.442092 , 0.0006267
0.561686 , 0.000518595
0.7262 , 0.000363539
0.879014 , 0.000410518
0.971809 , 0.000673567
0.980004 , 0.000537237
0.882243 , 0.000575744
0.749541 , 0.000395901
0.628168 , 0.000458261
0.550429 , 0.000671379
0.551661 , 0.000733248

24
0 , 0
0 , 0
0 , 0
0 , 0
0 , 0
0 , 0
0 , 0
0 , 0
0 , 0
0 , 0
0 , 0
0 , 0
0 , 0
0 , 0
0 , 0
0 , 0
0 , 0
0 , 0
0 , 0
0 , 0
0 , 0
0 , 0
0 , 0
0 , 0
0 , 0
0 , 0
0 , 0
0 , 0
0 , 0
0 , 0
0 , 0
0 , 0
0 , 0
0 , 0
0 , 0
0 , 0
0 , 0
0 , 0
6.90428e-05 , 6.79565e-06
0.00294237 , 3.75115e-05
0.043188 , 0.000254517
0.266884 , 0.000553134
0.917838 , 0.00112035
2.04896 , 0.00145321
3.32201 , 0.00113901
4.2382 , 0.00140468
4.49964 , 0.00185429
4.13316 , 0.00217878
3.37272 , 0.00160081
2.48997 , 0.0012371
1.68229 , 0.000918807
1.04714 , 0.000608266
0.607439 , 0.000749608
0.328091 , 0.000626862
0.167601 , 0.000469046
0.0829904 , 0.00039815
0.0462862 , 0.000287066
0.039638 , 0.000261999
0.0572326 , 0.000244731
0.0993138 , 0.000287597
0.173004 , 0.000341983
0.282138 , 0.000356711
0.426075 , 0.000460568
0.590021 , 0.000369364
0.748794 , 0.000474845
0.866775 , 0.000568484
0.914032 , 0.000808864
0.875689 , 0.00059565
0.76314 , 0.000620536
0.605751 , 0.000415127
0.44085 , 0.000280602
0.300332 , 0.000356579
0.208212 , 0.000450494
0.18256 , 0.000511805
0.242538 , 0.000691064
0.412159 , 0.000773256
0.711903 , 0.000803227
1.13915 , 0.000647152
1.64219 , 0.000519335
2.12704 , 0.000854615
2.47204 , 0.00134728
2.58376 , 0.00149022
2.43671 , 0.00146468
2.07825 , 0.000914398
1.6129 , 0.000473205
1.1468 , 0.000581699
0.766663 , 0.000763651
0.519144 , 0.000789612
0.415786 , 0.000789922
0.441918 , 0.000624876
0.561561 , 0.000511959
0.726237 , 0.000350052
0.879019 , 0.00039308
0.971916 , 0.000653824
0.980211 , 0.000554625
0.882237 , 0.000551268
0.749566 , 0.000379889
0.628269 , 0.00045017
0.550375 , 0.000645133
0.551529 , 0.000714262

25
0 , 0
0 , 0
0 , 0
0 , 0
0 , 0
0 , 0
0 , 0
0 , 0
0 , 0
0 , 0
0 , 0
0 , 0
0 , 0
0 , 0
0 , 0
0 , 0
0 , 0
0 , 0
0 , 0
0 , 0
0 , 0
0 , 0
0 , 0
0 , 0
0 , 0
0 , 0
0 , 0
0 , 0
0 , 0
0 , 0
0 , 0
0 , 0
0 , 0
0 , 0
0 , 0
0 , 0
0 , 0
0 , 0
7.08063e-05 , 6.7525e-06
0.00293242 , 3.73304e-05
0.0431465 , 0.000247623
0.267007 , 0.000544696
0.91799 , 0.0010853
2.04875 , 0.00140929
3.32206 , 0.0010935
4.23783 , 0.00139792
4.49987 , 0.00179321
4.13307 , 0.00209181
3.37283 , 0.00153922
2.48971 , 0.0012159
1.68248 , 0.000900754
1.04698 , 0.000605703
0.607531 , 0.000724837
0.328224 , 0.000615898
0.167561 , 0.000451653
0.0829964 , 0.000381939
0.0463249 , 0.000278054
0.0397061 , 0.000260371
0.0573089 , 0.000246835
0.0993769 , 0.000282969
0.173093 , 0.000339831
0.282261 , 0.000363553
0.426224 , 0.000466014
0.589978 , 0.000356931
0.748449 , 0.000571659
0.866747 , 0.000545983
0.913827 , 0.000802411
0.875532 , 0.000592597
0.763115 , 0.000595723
0.605763 , 0.000398381
0.44089 , 0.00027212
0.300346 , 0.000342279
0.208303 , 0.000441443
0.182659 , 0.000500859
0.242613 , 0.000667127
0.412363 , 0.000769306
0.712152 , 0.000809965
1.13909 , 0.000623151
1.64199 , 0.000537442
2.12696 , 0.000823579
2.47186 , 0.00130458
2.58337 , 0.00148337
2.43667 , 0.00140546
2.07827 , 0.000877235
1.61302 , 0.000470682
1.14691 , 0.000567666
0.766729 , 0.000735425
0.519196 , 0.000759184
0.415857 , 0.000760975
0.441976 , 0.000602204
0.561618 , 0.000494288
0.726237 , 0.000335758
0.878997 , 0.00037768
0.97177 , 0.000644034
0.980225 , 0.00053216
0.882288 , 0.000531211
0.749591 , 0.000365245
0.62833 , 0.000436128
0.550571 , 0.000649306
0.551689 , 0.000703415

26
0 , 0
0 , 0
0 , 0
0 , 0
0 , 0
0 , 0
0 , 0
0 , 0
0 , 0
0 , 0
0 , 0
0 , 0
0 , 0
0 , 0
0 , 0
0 , 0
0 , 0
0 , 0
0 , 0
0 , 0
0 , 0
0 , 0
0 , 0
0 , 0
0 , 0
0 , 0
0 , 0
0 , 0
0 , 0
0 , 0
0 , 0
0 , 0
0 , 0
0 , 0
0 , 0
0 , 0
0 , 0
0 , 0
7.01306e-05 , 6.52269e-06
0.00294225 , 3.71882e-05
0.0430899 , 0.000244559
0.266767 , 0.000575838
0.917882 , 0.00104834
2.04874 , 0.00135403
3.32208 , 0.00105072
4.23759 , 0.00136449
4.50046 , 0.00182405
4.1332 , 0.00201441
3.37319 , 0.00152201
2.4896 , 0.00117262
1.68235 , 0.000875488
1.04679 , 0.000612668
0.607611 , 0.000701039
0.328184 , 0.000593083
0.167524 , 0.000435568
0.0829443 , 0.000370625
0.0462754 , 0.000271695
0.0396964 , 0.000250344
0.0572811 , 0.00023878
0.0993586 , 0.000272481
0.17311 , 0.000326957
0.282203 , 0.000353942
0.42615 , 0.000453831
0.590024 , 0.000346005
0.748457 , 0.000549303
0.866859 , 0.000536544
0.913927 , 0.000777454
0.87559 , 0.000572258
0.763141 , 0.000572945
0.605856 , 0.000393839
0.440764 , 0.000290142
0.300352 , 0.000328908
0.20818 , 0.000441567
0.182582 , 0.000487441
0.242601 , 0.000641059
0.412247 , 0.000748167
0.712103 , 0.000779748
1.13901 , 0.000603797
1.64206 , 0.000521157
2.12688 , 0.00079462
2.47204 , 0.00126589
2.58355 , 0.00143652
2.43674 , 0.001352
2.07858 , 0.000898726
1.61303 , 0.000452256
1.14674 , 0.000569182
0.766728 , 0.000706575
0.519111 , 0.000734364
0.415773 , 0.000735953
0.441807 , 0.000602893
0.561579 , 0.000476484
0.726291 , 0.000326973
0.87895 , 0.000365892
0.971859 , 0.000625142
0.98027 , 0.000513261
0.88234 , 0.000512962
0.749594 , 0.000350927
0.628244 , 0.000427813
0.550472 , 0.00063175
0.551611 , 0.000680243

27
0 , 0
0 , 0
0 , 0
0 , 0
0 , 0
0 , 0
0 , 0
0 , 0
0 , 0
0 , 0
0 , 0
0 , 0
0 , 0
0 , 0
0 , 0
0 , 0
0 , 0
0 , 0
0 , 0
0 , 0
0 , 0
0 , 0
0 , 0
0 , 0
0 , 0
0 , 0
0 , 0
0 , 0
0 , 0
0 , 0
0 , 0
0 , 0
0 , 0
0 , 0
0 , 0
0 , 0
0 , 0
0 , 0
6.87656e-05 , 6.42319e-06
0.00294689 , 3.6084e-05
0.0430856 , 0.000235367
0.2668 , 0.000555086
0.917999 , 0.00101549
2.04847 , 0.00133002
3.32214 , 0.00101288
4.23757 , 0.00131305
4.5004 , 0.00175638
4.13359 , 0.00197626
3.37315 , 0.00146518
2.48956 , 0.00112932
1.68236 , 0.000842521
1.04685 , 0.000592676
0.607379 , 0.000713259
0.32807 , 0.000582055
0.167544 , 0.000419643
0.082975 , 0.000357953
0.0462586 , 0.000261977
0.039701 , 0.000240938
0.0572282 , 0.000235765
0.099277 , 0.000274595
0.173084 , 0.000315757
0.282254 , 0.000344351
0.426269 , 0.000452697
0.590036 , 0.00033316
0.748412 , 0.000530467
0.866973 , 0.000528722
0.913894 , 0.000748821
0.875702 , 0.000561987
0.763218 , 0.000556624
0.605831 , 0.000379798
0.440676 , 0.000292787
0.300354 , 0.000316499
0.208196 , 0.000425217
0.182576 , 0.000469079
0.242626 , 0.000617344
0.41216 , 0.000725184
0.712119 , 0.000750487
1.13887 , 0.000597831
1.64207 , 0.000501525
2.12702 , 0.000777116
2.4724 , 0.00127129
2.58345 , 0.00138549
2.43664 , 0.00130464
2.07842 , 0.000880937
1.61311 , 0.0004431
1.14667 , 0.000553007
0.766661 , 0.000683193
0.519068 , 0.000707973
0.415727 , 0.00070964
0.441877 , 0.00058434
0.561628 , 0.00046113
0.726274 , 0.00031507
0.879005 , 0.000356296
0.971881 , 0.000601949
0.980356 , 0.000501179
0.882343 , 0.000493609
0.749467 , 0.000360787
0.628119 , 0.00043015
0.550359 , 0.000618223
0.55155 , 0.000657429

28
0 , 0
0 , 0
0 , 0
0 , 0
0 , 0
0 , 0
0 , 0
0 , 0
0 , 0
0 , 0
0 , 0
0 , 0
0 , 0
0 , 0
0 , 0
0 , 0
0 , 0
0 , 0
0 , 0
0 , 0
0 , 0
0 , 0
0 , 0
0 , 0
0 , 0
0 , 0
0 , 0
0 , 0
0 , 0
0 , 0
0 , 0
0 , 0
0 , 0
0 , 0
0 , 0
0 , 0
0 , 0
0 , 0
7.01123e-05 , 6.33437e-06
0.00295346 , 3.53872e-05
0.0431515 , 0.000236187
0.266904 , 0.000544961
0.917973 , 0.000978894
2.0486 , 0.00128745
3.32198 , 0.000989566
4.23729 , 0.00129608
4.50074 , 0.00172699
4.13356 , 0.00190462
3.37266 , 0.0014923
2.48971 , 0.00109935
1.68236 , 0.000811897
1.0469 , 0.00057371
0.607337 , 0.00068859
0.328119 , 0.000563054
0.167542 , 0.000404382
0.0830341 , 0.000349949
0.0462766 , 0.00025309
0.0397373 , 0.000234982
0.0572598 , 0.00022937
0.0993411 , 0.000272263
0.173088 , 0.000304302
0.282367 , 0.000350421
0.426278 , 0.000436328
0.589917 , 0.000342346
0.748443 , 0.000512067
0.867022 , 0.000511785
0.913765 , 0.000733189
0.875634 , 0.000545793
0.763127 , 0.000543898
0.605806 , 0.00036683
0.440652 , 0.000283115
0.300388 , 0.000306862
0.20826 , 0.000414722
0.182616 , 0.000453843
0.242668 , 0.000596357
0.412165 , 0.000698821
0.712166 , 0.00072467
1.13887 , 0.000576084
1.64204 , 0.000484134
2.12715 , 0.000758919
2.4725 , 0.00122897
2.58337 , 0.00133757
2.43642 , 0.00127712
2.07824 , 0.000866443
1.61303 , 0.000434397
1.14675 , 0.000540128
0.766795 , 0.000671953
0.519128 , 0.00068491
0.415797 , 0.000687329
0.441965 , 0.000569937
0.56163 , 0.000444359
0.726225 , 0.000307609
0.878858 , 0.000373504
0.971947 , 0.000583866
0.980294 , 0.000486893
0.882266 , 0.000481796
0.749517 , 0.000351267
0.628159 , 0.000416407
0.55046 , 0.000604165
0.5516 , 0.000635461

29
0 , 0
0 , 0
0 , 0
0 , 0
0 , 0
0 , 0
0 , 0
0 , 0
0 , 0
0 , 0
0 , 0
0 , 0
0 , 0
0 , 0
0 , 0
0 , 0
0 , 0
0 , 0
0 , 0
0 , 0
0 , 0
0 , 0
0 , 0
0 , 0
0 , 0
0 , 0
0 , 0
0 , 0
0 , 0
0 , 0
0 , 0
0 , 0
0 , 0
0 , 0
0 , 0
0 , 0
0 , 0
0 , 0
6.97599e-05 , 6.12219e-06
0.00295914 , 3.46147e-05
0.0431928 , 0.00023162
0.267025 , 0.000539607
0.918181 , 0.000967114
2.04876 , 0.0012526
3.32175 , 0.000981901
4.23707 , 0.00127087
4.50063 , 0.00167026
4.13382 , 0.00185565
3.37237 , 0.00146947
2.4895 , 0.00108268
1.68228 , 0.000787413
1.04694 , 0.000554668
0.607545 , 0.000696021
0.328163 , 0.000545045
0.167598 , 0.000394136
0.0830455 , 0.000337857
0.0462731 , 0.000244233
0.039751 , 0.00022715
0.057241 , 0.000222112
0.0993737 , 0.000264724
0.17307 , 0.000294135
0.28231 , 0.00034283
0.42623 , 0.000423751
0.589892 , 0.000331246
0.748442 , 0.000494096
0.867083 , 0.000497589
0.913877 , 0.000716312
0.875678 , 0.000528512
0.763126 , 0.00052481
0.605849 , 0.000356573
0.440649 , 0.000273192
0.300331 , 0.000301492
0.208277 , 0.000400528
0.182615 , 0.000437915
0.242674 , 0.000575462
0.41212 , 0.000675804
0.712222 , 0.000701466
1.13885 , 0.000556409
1.642 , 0.00046862
2.12701 , 0.000744985
2.4724 , 0.00118957
2.58354 , 0.00130126
2.43637 , 0.00123318
2.0783 , 0.000837844
1.61312 , 0.000428461
1.14671 , 0.000522755
0.766777 , 0.00064863
0.51915 , 0.000661214
0.415812 , 0.000663389
0.44192 , 0.000551739
0.561628 , 0.000428766
0.726258 , 0.000298648
0.878793 , 0.000366181
0.972058 , 0.000574142
0.980249 , 0.000471894
0.882247 , 0.000465284
0.749513 , 0.000338963
0.628086 , 0.000408341
0.550424 , 0.000584075
0.551596 , 0.000613169

30
0 , 0
0 , 0
0 , 0
0 , 0
0 , 0
0 , 0
0 , 0
0 , 0
0 , 0
0 , 0
0 , 0
0 , 0
0 , 0
0 , 0
0 , 0
0 , 0
0 , 0
0 , 0
0 , 0
0 , 0
0 , 0
0 , 0
0 , 0
0 , 0
0 , 0
0 , 0
0 , 0
0 , 0
0 , 0
0 , 0
0 , 0
0 , 0
0 , 0
0 , 0
0 , 0
0 , 0
0 , 0
0 , 0
6.87656e-05 , 5.99761e-06
0.00294924 , 3.48778e-05
0.0431204 , 0.000235185
0.266879 , 0.000541354
0.918091 , 0.000938591
2.04881 , 0.00121139
3.32161 , 0.000958491
4.23717 , 0.00123182
4.50071 , 0.00161554
4.13413 , 0.00182012
3.37259 , 0.00143707
2.48954 , 0.00104695
1.68227 , 0.000760923
1.04669 , 0.000588741
0.607556 , 0.000672514
0.328172 , 0.000526642
0.167584 , 0.00038104
0.0829957 , 0.000330179
0.0462435 , 0.0002378
0.0396943 , 0.000226644
0.0572174 , 0.000215881
0.0993268 , 0.000260013
0.173047 , 0.000285168
0.282302 , 0.000331296
0.426207 , 0.000410029
0.589958 , 0.000326611
0.748545 , 0.000488483
0.86719 , 0.000492505
0.913881 , 0.000692033
0.875599 , 0.000516679
0.763097 , 0.000507845
0.605818 , 0.000345899
0.440723 , 0.00027408
0.300326 , 0.000291308
0.208239 , 0.000388808
0.18257 , 0.000425458
0.242504 , 0.000581462
0.411967 , 0.000670417
0.712141 , 0.000682501
1.1388 , 0.000539897
1.64207 , 0.000457681
2.1271 , 0.000725887
2.4727 , 0.00118627
2.58357 , 0.00125746
2.43659 , 0.00121183
2.07841 , 0.000816693
1.61312 , 0.000413954
1.1467 , 0.000505336
0.766635 , 0.000642496
0.519055 , 0.000645803
0.415733 , 0.000645793
0.441861 , 0.000536274
0.561719 , 0.000424178
0.726261 , 0.000288537
0.87876 , 0.000355253
0.972128 , 0.000559003
0.980198 , 0.000458823
0.882187 , 0.000453518
0.749463 , 0.00033133
0.628076 , 0.000394613
0.550424 , 0.000564271
0.551578 , 0.000592646

31
0 , 0
0 , 0
0 , 0
0 , 0
0 , 0
0 , 0
0 , 0
0 , 0
0 , 0
0 , 0
0 , 0
0 , 0
0 , 0
0 , 0
0 , 0
0 , 0
0 , 0
0 , 0
0 , 0
0 , 0
0 , 0
0 , 0
0 , 0
0 , 0
0 , 0
0 , 0
0 , 0
0 , 0
0 , 0
0 , 0
0 , 0
0 , 0
0 , 0
0 , 0
0 , 0
0 , 0
0 , 0
0 , 0
6.84793e-05 , 5.80797e-06
0.00295183 , 3.38332e-05
0.0431646 , 0.000231721
0.266945 , 0.000527664
0.918209 , 0.000915444
2.04886 , 0.00117258
3.32145 , 0.000940796
4.23721 , 0.00119241
4.50055 , 0.00157093
4.13417 , 0.00176087
3.3727 , 0.0013945
2.48955 , 0.00101265
1.68214 , 0.000746303
1.04663 , 0.000573329
0.607629 , 0.000654593
0.328148 , 0.000509928
0.167577 , 0.000368597
0.0829622 , 0.000321103
0.046213 , 0.00023201
0.0396366 , 0.000226698
0.0571694 , 0.000214249
0.0992467 , 0.00026393
0.173034 , 0.00027609
0.282317 , 0.00032074
0.426189 , 0.000397009
0.590067 , 0.000334132
0.748682 , 0.000491817
0.867291 , 0.000486857
0.913958 , 0.000673751
0.875624 , 0.00050036
0.763108 , 0.000491317
0.605811 , 0.000334621
0.440725 , 0.000265093
0.300272 , 0.000286851
0.208167 , 0.000382927
0.182452 , 0.000428072
0.24246 , 0.000564131
0.411962 , 0.000648453
0.712139 , 0.000660121
1.13886 , 0.000525577
1.64204 , 0.000443383
2.12699 , 0.000711268
2.47279 , 0.00115112
2.58359 , 0.00121645
2.43679 , 0.00118847
2.07851 , 0.000796569
1.61303 , 0.000410159
1.14677 , 0.000495033
0.766618 , 0.000621651
0.519071 , 0.000624847
0.415697 , 0.000625673
0.441855 , 0.000518726
0.561666 , 0.000413665
0.726293 , 0.000280886
0.878759 , 0.000343605
0.972055 , 0.000545555
0.980066 , 0.000462753
0.8821 , 0.000447141
0.749394 , 0.000327677
0.628034 , 0.00038401
0.550371 , 0.000548324
0.551596 , 0.000573495

32
0 , 0
0 , 0
0 , 0
0 , 0
0 , 0
0 , 0
0 , 0
0 , 0
0 , 0
0 , 0
0 , 0
0 , 0
0 , 0
0 , 0
0 , 0
0 , 0
0 , 0
0 , 0
0 , 0
0 , 0
0 , 0
0 , 0
0 , 0
0 , 0
0 , 0
0 , 0
0 , 0
0 , 0
0 , 0
0 , 0
0 , 0
0 , 0
0 , 0
0 , 0
0 , 0
0 , 0
0 , 0
0 , 0
7.00826e-05 , 5.84763e-06
0.00296673 , 3.59905e-05
0.0431531 , 0.000224656
0.266923 , 0.000511382
0.917789 , 0.000981041
2.04857 , 0.00117259
3.32149 , 0.000912
4.23765 , 0.0012354
4.5012 , 0.00165437
4.13409 , 0.00170694
3.37282 , 0.00135504
2.48965 , 0.000985396
1.68196 , 0.000746366
1.04649 , 0.000571222
0.607567 , 0.000636905
0.32806 , 0.000501459
0.167539 , 0.000358941
0.0829272 , 0.00031286
0.046221 , 0.000224786
0.0396267 , 0.00021972
0.0571122 , 0.000215168
0.0992208 , 0.000256861
0.172975 , 0.000273747
0.28229 , 0.000311725
0.42614 , 0.0003875
0.590063 , 0.000323542
0.748753 , 0.000481462
0.867393 , 0.000482357
0.914095 , 0.000666683
0.875747 , 0.000499746
0.763174 , 0.000480349
0.605813 , 0.000324003
0.440609 , 0.000281435
0.300254 , 0.000278358
0.208124 , 0.000373238
0.182337 , 0.000430216
0.242316 , 0.000564855
0.41192 , 0.000629267
0.712054 , 0.0006447
1.13888 , 0.000509269
1.64224 , 0.00047319
2.12713 , 0.000702109
2.47294 , 0.00112429
2.58361 , 0.00117795
2.4368 , 0.00115076
2.07843 , 0.000775644
1.6131 , 0.000402873
1.14671 , 0.000483468
0.766567 , 0.000604102
0.518963 , 0.000614716
0.415621 , 0.000610545
0.441861 , 0.000502287
0.561701 , 0.000402006
0.72634 , 0.000276132
0.878721 , 0.000334869
0.972143 , 0.000535508
0.980102 , 0.000449492
0.882122 , 0.000433516
0.749376 , 0.000317807
0.627988 , 0.000374709
0.550268 , 0.000540907
0.551436 , 0.000577774

33
0 , 0
0 , 0
0 , 0
0 , 0
0 , 0
0 , 0
0 , 0
0 , 0
0 , 0
0 , 0
0 , 0
0 , 0
0 , 0
0 , 0
0 , 0
0 , 0
0 , 0
0 , 0
0 , 0
0 , 0
0 , 0
0 , 0
0 , 0
0 , 0
0 , 0
0 , 0
0 , 0
0 , 0
0 , 0
0 , 0
0 , 0
0 , 0
0 , 0
0 , 0
0 , 0
0 , 0
0 , 0
0 , 0
6.91689e-05 , 5.74085e-06
0.00297228 , 3.53219e-05
0.0431554 , 0.000217753
0.266966 , 0.000497578
0.917586 , 0.000972252
2.04894 , 0.00119599
3.32149 , 0.000883933
4.23711 , 0.00131605
4.5013 , 0.0016068
4.13405 , 0.00165482
3.37296 , 0.00132112
2.48965 , 0.000955069
1.68217 , 0.000755566
1.04648 , 0.000553732
0.607615 , 0.000619216
0.3281 , 0.000487613
0.167518 , 0.000348518
0.0828725 , 0.000308126
0.0461669 , 0.000224491
0.0395997 , 0.000214662
0.0570686 , 0.000213061
0.0992092 , 0.000249226
0.172975 , 0.000265322
0.282226 , 0.000308765
0.426075 , 0.000381161
0.590036 , 0.000314756
0.748739 , 0.000466846
0.86745 , 0.000470936
0.914145 , 0.000648083
0.875959 , 0.000528815
0.763181 , 0.00046561
0.605851 , 0.000316269
0.440605 , 0.000272803
0.300211 , 0.000273205
0.208065 , 0.000366615
0.182311 , 0.000417791
0.242264 , 0.00054988
0.411958 , 0.000611093
0.712056 , 0.00062486
1.13891 , 0.000494378
1.64211 , 0.00047795
2.12711 , 0.000680731
2.47277 , 0.00110215
2.58375 , 0.00115015
2.43684 , 0.00111623
2.07846 , 0.000752408
1.61321 , 0.000404168
1.14674 , 0.000469701
0.766604 , 0.000586709
0.519005 , 0.000597323
0.41559 , 0.000592546
0.441837 , 0.000487415
0.561617 , 0.000398614
0.726309 , 0.000269495
0.878614 , 0.00034187
0.972073 , 0.000523655
0.980171 , 0.000440995
0.882236 , 0.000435255
0.749392 , 0.000308454
0.627994 , 0.00036323
0.550203 , 0.000528279
0.551396 , 0.000561427

34
0 , 0
0 , 0
0 , 0
0 , 0
0 , 0
0 , 0
0 , 0
0 , 0
0 , 0
0 , 0
0 , 0
0 , 0
0 , 0
0 , 0
0 , 0
0 , 0
0 , 0
0 , 0
0 , 0
0 , 0
0 , 0
0 , 0
0 , 0
0 , 0
0 , 0
0 , 0
0 , 0
0 , 0
0 , 0
0 , 0
0 , 0
0 , 0
0 , 0
0 , 0
0 , 0
0 , 0
0 , 0
0 , 0
6.90918e-05 , 5.56998e-06
0.00296893 , 3.44306e-05
0.0431557 , 0.000211252
0.266983 , 0.000482992
0.917518 , 0.000945628
2.04894 , 0.00116028
3.32147 , 0.000857846
4.237 , 0.00128128
4.50119 , 0.00156302
4.13449 , 0.00166564
3.3731 , 0.00128919
2.48959 , 0.000928588
1.68203 , 0.000747158
1.04637 , 0.000549083
0.607548 , 0.000604532
0.328153 , 0.000476089
0.167551 , 0.00033964
0.0828945 , 0.000299729
0.0461721 , 0.000217849
0.0396199 , 0.000209231
0.0570815 , 0.0002071
0.0992171 , 0.000241912
0.173035 , 0.000264395
0.282304 , 0.000309673
0.426051 , 0.000370539
0.59002 , 0.000305764
0.748735 , 0.000452929
0.867348 , 0.000468019
0.914171 , 0.00062928
0.875879 , 0.000519282
0.763163 , 0.000452053
0.605733 , 0.000328672
0.440613 , 0.000264786
0.300237 , 0.000266383
0.208094 , 0.000356878
0.182376 , 0.000410523
0.242274 , 0.000533559
0.411866 , 0.000599918
0.712031 , 0.000606714
1.13885 , 0.000482789
1.64218 , 0.000468827
2.12719 , 0.000665104
2.47272 , 0.00107064
2.5839 , 0.00112678
2.4369 , 0.00108415
2.07846 , 0.000729971
1.61316 , 0.000394925
1.14671 , 0.000456867
0.766531 , 0.000573965
0.518993 , 0.000579616
0.415624 , 0.00057585
0.441776 , 0.000476786
0.561621 , 0.000386737
0.726322 , 0.00026178
0.878607 , 0.000331724
0.97211 , 0.000509352
0.980173 , 0.000427836
0.882297 , 0.000426614
0.74943 , 0.000301661
0.627998 , 0.000352413
0.55023 , 0.000513198
0.55144 , 0.000546425

35
0 , 0
0 , 0
0 , 0
0 , 0
0 , 0
0 , 0
0 , 0
0 , 0
0 , 0
0 , 0
0 , 0
0 , 0
0 , 0
0 , 0
0 , 0
0 , 0
0 , 0
0 , 0
0 , 0
0 , 0
0 , 0
0 , 0
0 , 0
0 , 0
0 , 0
0 , 0
0 , 0
0 , 0
0 , 0
0 , 0
0 , 0
0 , 0
0 , 0
0 , 0
0 , 0
0 , 0
0 , 0
0 , 0
6.90191e-05 , 5.40898e-06
0.0029694 , 3.34356e-05
0.0431902 , 0.000208007
0.267003 , 0.000469416
0.91769 , 0.000934019
2.0489 , 0.00112747
3.32158 , 0.000839942
4.23705 , 0.00124524
4.50093 , 0.00153917
4.13443 , 0.00161876
3.37299 , 0.00125692
2.4896 , 0.000901712
1.68207 , 0.000726776
1.04637 , 0.000533217
0.607458 , 0.000593801
0.328197 , 0.000464311
0.167529 , 0.000330489
0.0829892 , 0.000306065
0.0462038 , 0.000213902
0.0396179 , 0.000203175
0.0570566 , 0.000202635
0.0992029 , 0.000235327
0.172994 , 0.000260085
0.282191 , 0.000321515
0.426068 , 0.00036022
0.590161 , 0.000328689
0.748739 , 0.000439816
0.867344 , 0.000454466
0.91411 , 0.000614041
0.875975 , 0.000513402
0.763177 , 0.000439156
0.605749 , 0.00031951
0.440644 , 0.000258989
0.300254 , 0.000259197
0.208067 , 0.000347577
0.182332 , 0.000401059
0.242296 , 0.000518554
0.41188 , 0.000582688
0.712119 , 0.000595679
1.13892 , 0.00047385
1.64228 , 0.000466786
2.12695 , 0.000690062
2.47262 , 0.00104402
2.58381 , 0.00109775
2.43687 , 0.001053
2.07857 , 0.000716713
1.61314 , 0.000383757
1.14673 , 0.000444093
0.76659 , 0.000560511
0.518989 , 0.000562825
0.41568 , 0.000561983
0.441748 , 0.000463824
0.561652 , 0.000376826
0.726261 , 0.000261268
0.878682 , 0.000330797
0.972048 , 0.000498434
0.980125 , 0.000418269
0.882244 , 0.000417644
0.749395 , 0.000294993
0.627994 , 0.000342224
0.550213 , 0.000498602
0.551404 , 0.000531784

36
0 , 0
0 , 0
0 , 0
0 , 0
0 , 0
0 , 0
0 , 0
0 , 0
0 , 0
0 , 0
0 , 0
0 , 0
0 , 0
0 , 0
0 , 0
0 , 0
0 , 0
0 , 0
0 , 0
0 , 0
0 , 0
0 , 0
0 , 0
0 , 0
0 , 0
0 , 0
0 , 0
0 , 0
0 , 0
0 , 0
0 , 0
0 , 0
0 , 0
0 , 0
0 , 0
0 , 0
0 , 0
0 , 0
6.9505e-05 , 5.279e-06
0.00297776 , 3.35517e-05
0.0431546 , 0.000205253
0.266901 , 0.000467333
0.917555 , 0.000917663
2.04864 , 0.0011254
3.32161 , 0.000816824
4.23726 , 0.00122786
4.50107 , 0.00150233
4.13474 , 0.00160483
3.37306 , 0.00122342
2.48971 , 0.000884368
1.68197 , 0.000713859
1.04633 , 0.000519732
0.607394 , 0.00058064
0.328158 , 0.00045288
0.167526 , 0.000321188
0.0829513 , 0.00029985
0.0461653 , 0.000211412
0.0395806 , 0.000200952
0.0570214 , 0.000200035
0.0991812 , 0.000229722
0.172985 , 0.000252911
0.282188 , 0.000312468
0.426002 , 0.000356403
0.59014 , 0.00032011
0.748817 , 0.000434517
0.867298 , 0.000444034
0.914126 , 0.000596949
0.876158 , 0.000531258
0.763295 , 0.000442749
0.605719 , 0.0003119
0.440552 , 0.000267984
0.300272 , 0.000252557
0.208043 , 0.000338634
0.182256 , 0.000397059
0.24221 , 0.000511347
0.411832 , 0.00056826
0.71201 , 0.000589017
1.13887 , 0.000462791
1.64224 , 0.000455004
2.12718 , 0.000709694
2.47272 , 0.0010196
2.58394 , 0.0010744
2.43698 , 0.00102872
2.07852 , 0.00069849
1.61306 , 0.000382258
1.14682 , 0.000440725
0.766568 , 0.000545161
0.518926 , 0.000550619
0.415611 , 0.000550481
0.441693 , 0.00045405
0.561639 , 0.00036644
0.726177 , 0.000267582
0.878724 , 0.000324122
0.972098 , 0.000486984
0.980187 , 0.000411266
0.882241 , 0.000405887
0.749399 , 0.000286704
0.628 , 0.00033264
0.550198 , 0.000484768
0.551321 , 0.000523499

37
0 , 0
0 , 0
0 , 0
0 , 0
0 , 0
0 , 0
0 , 0
0 , 0
0 , 0
0 , 0
0 , 0
0 , 0
0 , 0
0 , 0
0 , 0
0 , 0
0 , 0
0 , 0
0 , 0
0 , 0
0 , 0
0 , 0
0 , 0
0 , 0
0 , 0
0 , 0
0 , 0
0 , 0
0 , 0
0 , 0
0 , 0
0 , 0
0 , 0
0 , 0
0 , 0
0 , 0
0 , 0
0 , 0
7.05042e-05 , 5.23067e-06
0.00297916 , 3.26623e-05
0.0431611 , 0.000199735
0.266924 , 0.000455124
0.917681 , 0.000901474
2.04871 , 0.00109658
3.32183 , 0.000824879
4.23705 , 0.00121256
4.50091 , 0.0014696
4.13474 , 0.00156086
3.37262 , 0.00126744
2.48964 , 0.000863355
1.68208 , 0.000703426
1.04643 , 0.000514601
0.607497 , 0.000574113
0.328205 , 0.000443019
0.167539 , 0.000312638
0.0830025 , 0.000296096
0.0461674 , 0.00020563
0.0395871 , 0.000195554
0.0570453 , 0.000196008
0.0992188 , 0.00022657
0.173069 , 0.000259935
0.282237 , 0.000307771
0.425964 , 0.000348631
0.590067 , 0.000319856
0.748837 , 0.000423086
0.867266 , 0.000433082
0.914079 , 0.000582491
0.875991 , 0.000542937
0.763289 , 0.000430647
0.605699 , 0.000304038
0.440572 , 0.000261381
0.3003 , 0.000247191
0.208099 , 0.000334108
0.182308 , 0.00038961
0.242278 , 0.00050204
0.411925 , 0.00056044
0.712088 , 0.00057807
1.13892 , 0.000452522
1.64222 , 0.000443315
2.12719 , 0.000690393
2.47254 , 0.00100793
2.58375 , 0.00106256
2.43688 , 0.00100532
2.07841 , 0.000688302
1.61312 , 0.000375906
1.14684 , 0.000428946
0.766651 , 0.000536594
0.51905 , 0.00054966
0.415666 , 0.000538203
0.441718 , 0.000442337
0.561671 , 0.000357768
0.726177 , 0.000260249
0.87865 , 0.000323754
0.97214 , 0.000475476
0.980173 , 0.000400247
0.882211 , 0.000395883
0.74941 , 0.000279079
0.628006 , 0.00032358
0.550211 , 0.000471649
0.551377 , 0.000512212

38
0 , 0
0 , 0
0 , 0
0 , 0
0 , 0
0 , 0
0 , 0
0 , 0
0 , 0
0 , 0
0 , 0
0 , 0
0 , 0
0 , 0
0 , 0
0 , 0
0 , 0
0 , 0
0 , 0
0 , 0
0 , 0
0 , 0
0 , 0
0 , 0
0 , 0
0 , 0
0 , 0
0 , 0
0 , 0
0 , 0
0 , 0
0 , 0
0 , 0
0 , 0
0 , 0
0 , 0
0 , 0
0 , 0
6.95244e-05 , 5.18457e-06
0.00297965 , 3.1795e-05
0.0431592 , 0.000194418
0.267082 , 0.000470097
0.917774 , 0.00088225
2.04876 , 0.0010688
3.32176 , 0.000805641
4.23702 , 0.00118064
4.50082 , 0.00143339
4.13457 , 0.00152925
3.37247 , 0.00124298
2.48962 , 0.000840472
1.68208 , 0.000684666
1.04656 , 0.000516989
0.607484 , 0.000558944
0.328317 , 0.00044535
0.167563 , 0.000305246
0.0830253 , 0.000289099
0.0461543 , 0.000200574
0.0395867 , 0.000190338
0.0570369 , 0.000190963
0.0992215 , 0.000220544
0.173018 , 0.000258005
0.282221 , 0.000299944
0.425876 , 0.00035067
0.59006 , 0.000311399
0.748901 , 0.000416688
0.867291 , 0.000422247
0.914187 , 0.000577098
0.876021 , 0.000529315
0.763231 , 0.000423198
0.605707 , 0.000296057
0.440552 , 0.000255183
0.300309 , 0.000240773
0.208102 , 0.000325206
0.18234 , 0.000380608
0.242309 , 0.000489613
0.411906 , 0.000545832
0.71219 , 0.00057184
1.13893 , 0.000440664
1.64226 , 0.000433342
2.12703 , 0.000690148
2.47251 , 0.000981503
2.58376 , 0.00103425
2.43682 , 0.000980464
2.07828 , 0.000681053
1.61313 , 0.000366243
1.14682 , 0.000417952
0.766713 , 0.00052592
0.519099 , 0.000537229
0.415723 , 0.000526951
0.441769 , 0.000433555
0.561667 , 0.000348249
0.726141 , 0.000255893
0.87863 , 0.000315759
0.972157 , 0.000463102
0.980135 , 0.000391406
0.882208 , 0.000385338
0.749383 , 0.000272993
0.628001 , 0.000314985
0.550161 , 0.000461819
0.551388 , 0.000498686

39
0 , 0
0 , 0
0 , 0
0 , 0
0 , 0
0 , 0
0 , 0
0 , 0
0 , 0
0 , 0
0 , 0
0 , 0
0 , 0
0 , 0
0 , 0
0 , 0
0 , 0
0 , 0
0 , 0
0 , 0
0 , 0
0 , 0
0 , 0
0 , 0
0 , 0
0 , 0
0 , 0
0 , 0
0 , 0
0 , 0
0 , 0
0 , 0
0 , 0
0 , 0
0 , 0
0 , 0
0 , 0
0 , 0
6.94481e-05 , 5.05046e-06
0.00298206 , 3.10631e-05
0.0431823 , 0.000190773
0.267136 , 0.000461077
0.91774 , 0.000859993
2.04895 , 0.00105846
3.32176 , 0.000784723
4.23701 , 0.00115002
4.50105 , 0.00141434
4.13472 , 0.00149705
3.37211 , 0.00126143
2.48915 , 0.000947883
1.68185 , 0.000705028
1.04655 , 0.000503605
0.607615 , 0.000559785
0.328393 , 0.000440329
0.167641 , 0.00030725
0.0831293 , 0.000300181
0.0461889 , 0.000198416
0.0396045 , 0.000186253
0.0570879 , 0.000192857
0.0992468 , 0.000216302
0.173039 , 0.000252169
0.282234 , 0.000292419
0.425966 , 0.000353236
0.590066 , 0.000303371
0.748772 , 0.000425834
0.867203 , 0.000420394
0.914136 , 0.00056443
0.875976 , 0.000517509
0.763245 , 0.000412436
0.605651 , 0.000293828
0.4406 , 0.000253176
0.300406 , 0.000253693
0.208183 , 0.000326918
0.182376 , 0.00037243
0.242365 , 0.000480165
0.412057 , 0.000552709
0.712276 , 0.000563641
1.13901 , 0.000436077
1.64226 , 0.000422131
2.12691 , 0.000683144
2.47246 , 0.000957733
2.58352 , 0.00103412
2.43651 , 0.00100401
2.07819 , 0.000669835
1.61313 , 0.000356758
1.14679 , 0.000407797
0.766781 , 0.000516853
0.519246 , 0.000543674
0.415816 , 0.000521573
0.441834 , 0.000427284
0.561761 , 0.000352197
0.726208 , 0.00025822
0.878695 , 0.000314403
0.972085 , 0.000456822
0.980048 , 0.000390972
0.882098 , 0.000391116
0.749397 , 0.000266267
0.62802 , 0.000307368
0.550202 , 0.000451686
0.551433 , 0.000487799

40
0 , 0
0 , 0
0 , 0
0 , 0
0 , 0
0 , 0
0 , 0
0 , 0
0 , 0
0 , 0
0 , 0
0 , 0
0 , 0
0 , 0
0 , 0
0 , 0
0 , 0
0 , 0
0 , 0
0 , 0
0 , 0
0 , 0
0 , 0
0 , 0
0 , 0
0 , 0
0 , 0
0 , 0
0 , 0
0 , 0
0 , 0
0 , 0
0 , 0
0 , 0
0 , 0
0 , 0
0 , 0
0 , 0
6.98747e-05 , 4.94103e-06
0.00298388 , 3.03312e-05
0.043112 , 0.000198805
0.267087 , 0.000452104
0.917742 , 0.000838219
2.04884 , 0.00103849
3.32184 , 0.000768862
4.23705 , 0.0011216
4.50105 , 0.00137853
4.13476 , 0.0014596
3.37213 , 0.00122965
2.48954 , 0.00100531
1.68174 , 0.000695631
1.04661 , 0.000493845
0.607514 , 0.000554747
0.328298 , 0.000439537
0.167581 , 0.00030532
0.0831327 , 0.000292601
0.0461795 , 0.000193625
0.0395885 , 0.000182242
0.0570771 , 0.000188282
0.099254 , 0.000210947
0.173029 , 0.000245993
0.282139 , 0.000300297
0.425906 , 0.000349401
0.590059 , 0.000295774
0.748875 , 0.000427653
0.867236 , 0.000411009
0.914182 , 0.000552118
0.875996 , 0.000504794
0.763269 , 0.000402712
0.605662 , 0.0002866
0.440565 , 0.000249269
0.300402 , 0.000247307
0.208136 , 0.000322107
0.182396 , 0.000363573
0.242295 , 0.000473233
0.41198 , 0.000544278
0.712221 , 0.000552095
1.13896 , 0.000428453
1.64231 , 0.000414293
2.12704 , 0.00067716
2.4725 , 0.000934586
2.58374 , 0.00103178
2.43643 , 0.000981241
2.0782 , 0.000652913
1.61313 , 0.00034777
1.1468 , 0.000397572
0.766768 , 0.000503951
0.519199 , 0.000531989
0.415793 , 0.000508895
0.441817 , 0.000416846
0.56179 , 0.00034443
0.726219 , 0.000251897
0.878732 , 0.000308638
0.972 , 0.000453257
0.979973 , 0.000388538
0.882087 , 0.00038138
0.74941 , 0.000259848
0.627991 , 0.000300998
0.550179 , 0.000440825
0.551432 , 0.00047545

41
0 , 0
0 , 0
0 , 0
0 , 0
0 , 0
0 , 0
0 , 0
0 , 0
0 , 0
0 , 0
0 , 0
0 , 0
0 , 0
0 , 0
0 , 0
0 , 0
0 , 0
0 , 0
0 , 0
0 , 0
0 , 0
0 , 0
0 , 0
0 , 0
0 , 0
0 , 0
0 , 0
0 , 0
0 , 0
0 , 0
0 , 0
0 , 0
0 , 0
0 , 0
0 , 0
0 , 0
0 , 0
0 , 0
6.96312e-05 , 4.82516e-06
0.00297943 , 2.99153e-05
0.0431332 , 0.000195054
0.267018 , 0.00044618
0.917609 , 0.000828134
2.04876 , 0.00101547
3.32167 , 0.000768675
4.23717 , 0.00110043
4.50097 , 0.00134645
4.13513 , 0.00147066
3.3725 , 0.00125417
2.48951 , 0.000980896
1.68172 , 0.000679014
1.04659 , 0.000482061
0.60744 , 0.000546163
0.328249 , 0.000431445
0.167488 , 0.000311922
0.0830948 , 0.000287884
0.0461436 , 0.000192218
0.0395749 , 0.000178259
0.0570504 , 0.000185563
0.0992461 , 0.000205889
0.17296 , 0.000249831
0.282078 , 0.000299256
0.425885 , 0.000341433
0.5901 , 0.000291403
0.748826 , 0.000419904
0.867335 , 0.00041309
0.914332 , 0.000558782
0.876071 , 0.000497982
0.763306 , 0.000394475
0.605735 , 0.000288984
0.440498 , 0.000252191
0.300351 , 0.000246557
0.208094 , 0.000316941
0.182361 , 0.00035635
0.242224 , 0.000466912
0.411835 , 0.000550258
0.712114 , 0.000549156
1.13881 , 0.000443717
1.64236 , 0.000406435
2.12704 , 0.000660466
2.47275 , 0.000944111
2.5839 , 0.00101814
2.43664 , 0.000977911
2.07836 , 0.000657359
1.61325 , 0.000357469
1.14675 , 0.000391656
0.766606 , 0.00051751
0.519074 , 0.00053367
0.415682 , 0.000508565
0.441723 , 0.000417224
0.561743 , 0.000339125
0.726206 , 0.000246025
0.878725 , 0.000301085
0.972079 , 0.000449128
0.980039 , 0.00038466
0.882114 , 0.000372978
0.74942 , 0.000253641
0.62793 , 0.000299786
0.550088 , 0.000439389
0.551282 , 0.000487397

42
0 , 0
0 , 0
0 , 0
0 , 0
0 , 0
0 , 0
0 , 0
0 , 0
0 , 0
0 , 0
0 , 0
0 , 0
0 , 0
0 , 0
0 , 0
0 , 0
0 , 0
0 , 0
0 , 0
0 , 0
0 , 0
0 , 0
0 , 0
0 , 0
0 , 0
0 , 0
0 , 0
0 , 0
0 , 0
0 , 0
0 , 0
0 , 0
0 , 0
0 , 0
0 , 0
0 , 0
0 , 0
0 , 0
7.01916e-05 , 4.74209e-06
0.00298198 , 2.93056e-05
0.0431226 , 0.000190647
0.266997 , 0.000435973
0.917599 , 0.000808249
2.04837 , 0.00106708
3.32154 , 0.000760589
4.23735 , 0.00108921
4.50126 , 0.00134529
4.13501 , 0.00143974
3.37307 , 0.00134824
2.48957 , 0.000959053
1.68168 , 0.000663759
1.04657 , 0.0004708
0.607399 , 0.000534583
0.328154 , 0.000431543
0.167405 , 0.000315534
0.0830248 , 0.000289536
0.0460839 , 0.000196849
0.0395553 , 0.000175066
0.0569992 , 0.00018819
0.0992028 , 0.000205542
0.172899 , 0.000251301
0.282011 , 0.000299694
0.425843 , 0.00033583
0.590125 , 0.000285454
0.748929 , 0.000422335
0.867464 , 0.000423052
0.914429 , 0.000553883
0.876218 , 0.000507796
0.76329 , 0.000385294
0.605654 , 0.000293615
0.440519 , 0.000247011
0.300321 , 0.000242469
0.207982 , 0.000328707
0.182288 , 0.000355359
0.242122 , 0.00046709
0.411739 , 0.000545477
0.712055 , 0.000539134
1.13868 , 0.000451132
1.64227 , 0.000405381
2.12713 , 0.000650973
2.47294 , 0.000941086
2.58419 , 0.00103479
2.43696 , 0.00100799
2.07851 , 0.000657381
1.61317 , 0.000356189
1.14666 , 0.000391942
0.766538 , 0.000509607
0.518971 , 0.000530929
0.415565 , 0.000509819
0.441625 , 0.000418721
0.56169 , 0.000335205
0.726152 , 0.000246033
0.878747 , 0.000294643
0.972166 , 0.000446831
0.980073 , 0.000376956
0.882122 , 0.000364067
0.749483 , 0.000255307
0.62789 , 0.000295257
0.549998 , 0.00043825
0.551171 , 0.000488394

43
0 , 0
0 , 0
0 , 0
0 , 0
0 , 0
0 , 0
0 , 0
0 , 0
0 , 0
0 , 0
0 , 0
0 , 0
0 , 0
0 , 0
0 , 0
0 , 0
0 , 0
0 , 0
0 , 0
0 , 0
0 , 0
0 , 0
0 , 0
0 , 0
0 , 0
0 , 0
0 , 0
0 , 0
0 , 0
0 , 0
0 , 0
0 , 0
0 , 0
0 , 0
0 , 0
0 , 0
0 , 0
0 , 0
6.99521e-05 , 4.63669e-06
0.0029822 , 2.86168e-05
0.0431243 , 0.000186168
0.266976 , 0.000426215
0.91779 , 0.000812161
2.04854 , 0.00105651
3.32172 , 0.000763177
4.23719 , 0.0010746
4.50115 , 0.00131831
4.13474 , 0.00143276
3.37287 , 0.0013317
2.48942 , 0.00094946
1.68174 , 0.000651373
1.04658 , 0.000460026
0.607448 , 0.000524275
0.328267 , 0.000436199
0.167455 , 0.000312131
0.0830441 , 0.000283382
0.0460988 , 0.000192788
0.0395731 , 0.00017187
0.0570091 , 0.000184029
0.0992498 , 0.000206141
0.172941 , 0.000249046
0.282057 , 0.000296287
0.425892 , 0.000331551
0.590126 , 0.000278738
0.748872 , 0.000416298
0.867362 , 0.00042533
0.914313 , 0.000553041
0.876233 , 0.00049606
0.763276 , 0.000376465
0.605657 , 0.000286721
0.4405 , 0.000241935
0.300389 , 0.000246331
0.208012 , 0.000322335
0.182366 , 0.000355633
0.242202 , 0.000463145
0.411815 , 0.000538079
0.712181 , 0.000541461
1.13874 , 0.000444629
1.64215 , 0.000413278
2.12712 , 0.000635764
2.47288 , 0.000920718
2.58398 , 0.00103071
2.43676 , 0.00100337
2.07839 , 0.000651569
1.61325 , 0.000355444
1.14656 , 0.000394998
0.766582 , 0.000499578
0.519071 , 0.000528036
0.415631 , 0.000502129
0.441741 , 0.000425068
0.56175 , 0.000332728
0.726156 , 0.000240268
0.878716 , 0.000289453
0.972142 , 0.000436963
0.980127 , 0.000372075
0.882072 , 0.000358898
0.749449 , 0.000251556
0.627916 , 0.000289437
0.550025 , 0.000428794
0.551174 , 0.000476911

44
0 , 0
0 , 0
0 , 0
0 , 0
0 , 0
0 , 0
0 , 0
0 , 0
0 , 0
0 , 0
0 , 0
0 , 0
0 , 0
0 , 0
0 , 0
0 , 0
0 , 0
0 , 0
0 , 0
0 , 0
0 , 0
0 , 0
0 , 0
0 , 0
0 , 0
0 , 0
0 , 0
0 , 0
0 , 0
0 , 0
0 , 0
0 , 0
0 , 0
0 , 0
0 , 0
0 , 0
0 , 0
0 , 0
6.95722e-05 , 4.54598e-06
0.00298011 , 2.80371e-05
0.0431411 , 0.000182658
0.266996 , 0.000416896
0.917787 , 0.000793493
2.04847 , 0.00103447
3.3218 , 0.000749633
4.23713 , 0.00105183
4.50111 , 0.00128874
4.13483 , 0.00140281
3.37282 , 0.00130178
2.48935 , 0.000930241
1.68175 , 0.000636477
1.04671 , 0.000465287
0.607436 , 0.000512352
0.328212 , 0.000429678
0.167443 , 0.000305179
0.0830434 , 0.000276868
0.0461047 , 0.000188447
0.0395963 , 0.000169507
0.0570084 , 0.000179799
0.0992494 , 0.000201402
0.172937 , 0.000243357
0.282092 , 0.000291547
0.426 , 0.000341316
0.590161 , 0.000274599
0.748824 , 0.000409555
0.867334 , 0.000416508
0.914237 , 0.000545634
0.876138 , 0.000493784
0.763231 , 0.000370598
0.605706 , 0.000284375
0.44052 , 0.000237153
0.300402 , 0.000241046
0.208046 , 0.000316781
0.182399 , 0.00034905
0.242255 , 0.00045562
0.411823 , 0.000525763
0.712168 , 0.000529191
1.13869 , 0.000438097
1.64224 , 0.00041354
2.12723 , 0.000630476
2.47277 , 0.000906793
2.5839 , 0.00101044
2.43671 , 0.000982033
2.07832 , 0.000641305
1.61313 , 0.000367141
1.14665 , 0.000395733
0.766612 , 0.000489024
0.519134 , 0.000519673
0.415668 , 0.00049197
0.441778 , 0.000416887
0.561769 , 0.000325684
0.726158 , 0.00023476
0.878718 , 0.000282811
0.972109 , 0.000428256
0.980081 , 0.000366453
0.882082 , 0.000350778
0.749468 , 0.000246517
0.627978 , 0.000289556
0.550023 , 0.000418942
0.551262 , 0.000474187

45
0 , 0
0 , 0
0 , 0
0 , 0
0 , 0
0 , 0
0 , 0
0 , 0
0 , 0
0 , 0
0 , 0
0 , 0
0 , 0
0 , 0
0 , 0
0 , 0
0 , 0
0 , 0
0 , 0
0 , 0
0 , 0
0 , 0
0 , 0
0 , 0
0 , 0
0 , 0
0 , 0
0 , 0
0 , 0
0 , 0
0 , 0
0 , 0
0 , 0
0 , 0
0 , 0
0 , 0
0 , 0
0 , 0
6.92092e-05 , 4.45861e-06
0.00298571 , 2.79742e-05
0.0431803 , 0.000182813
0.267027 , 0.000408686
0.917887 , 0.000782083
2.04845 , 0.0010114
3.32184 , 0.000733794
4.23698 , 0.00103944
4.50109 , 0.00125993
4.1346 , 0.00138947
3.37303 , 0.00128962
2.48923 , 0.000917379
1.6817 , 0.000624592
1.04681 , 0.000466757
0.60748 , 0.000502777
0.328237 , 0.000420777
0.167446 , 0.000298336
0.0830389 , 0.000270682
0.0461138 , 0.00018444
0.0395987 , 0.000165715
0.0570024 , 0.000175862
0.0992601 , 0.000197169
0.172927 , 0.000238073
0.282035 , 0.000290608
0.425978 , 0.000334354
0.590158 , 0.000268444
0.748826 , 0.000400358
0.867353 , 0.000407562
0.914298 , 0.000536834
0.876116 , 0.000483184
0.763288 , 0.000366785
0.605693 , 0.000278259
0.440548 , 0.000233527
0.300405 , 0.00023564
0.208028 , 0.000310183
0.182403 , 0.000341228
0.242278 , 0.00044598
0.411846 , 0.000514461
0.712112 , 0.000520308
1.1386 , 0.000437385
1.64229 , 0.00040722
2.12726 , 0.000616904
2.47266 , 0.000892567
2.58388 , 0.000987921
2.43679 , 0.00096391
2.07845 , 0.000641962
1.61307 , 0.000364306
1.14657 , 0.000394968
0.766597 , 0.000478266
0.519114 , 0.000508373
0.415683 , 0.000481155
0.441787 , 0.000407612
0.561765 , 0.0003184
0.726216 , 0.000236535
0.878673 , 0.000280144
0.972177 , 0.000424167
0.98003 , 0.000361839
0.882082 , 0.000342895
0.74953 , 0.000248683
0.627951 , 0.000284328
0.549982 , 0.000411563
0.551229 , 0.000464714

46
0 , 0
0 , 0
0 , 0
0 , 0
0 , 0
0 , 0
0 , 0
0 , 0
0 , 0
0 , 0
0 , 0
0 , 0
0 , 0
0 , 0
0 , 0
0 , 0
0 , 0
0 , 0
0 , 0
0 , 0
0 , 0
0 , 0
0 , 0
0 , 0
0 , 0
0 , 0
0 , 0
0 , 0
0 , 0
0 , 0
0 , 0
0 , 0
0 , 0
0 , 0
0 , 0
0 , 0
0 , 0
0 , 0
6.91513e-05 , 4.36099e-06
0.00299493 , 2.88708e-05
0.043193 , 0.000179245
0.266994 , 0.000401064
0.918062 , 0.000784658
2.0486 , 0.00099928
3.32157 , 0.000767022
4.23697 , 0.00101661
4.50104 , 0.00123323
4.13466 , 0.00136032
3.3728 , 0.00128288
2.48924 , 0.000897395
1.68162 , 0.000615979
1.04684 , 0.000457173
0.607594 , 0.000504703
0.328277 , 0.000413436
0.167473 , 0.000293016
0.0830776 , 0.000267548
0.0461234 , 0.000180642
0.0396032 , 0.000162135
0.0570395 , 0.000175949
0.0992753 , 0.000193431
0.172973 , 0.000237233
0.28205 , 0.000284642
0.425997 , 0.000327543
0.590133 , 0.000263733
0.748793 , 0.000392929
0.867289 , 0.000403639
0.914199 , 0.000534323
0.876104 , 0.000472724
0.763231 , 0.000363348
0.605723 , 0.000273718
0.440578 , 0.000230422
0.300451 , 0.000235068
0.20804 , 0.000303604
0.182443 , 0.000336157
0.242313 , 0.000437557
0.411923 , 0.000508991
0.712174 , 0.000512656
1.13864 , 0.000429806
1.64227 , 0.000399145
2.12723 , 0.000603901
2.47258 , 0.000877075
2.58366 , 0.000991933
2.43675 , 0.000943552
2.07841 , 0.000629549
1.61299 , 0.000365067
1.14663 , 0.000391684
0.766708 , 0.000480769
0.519166 , 0.000499842
0.415756 , 0.000476117
0.441855 , 0.000404451
0.561805 , 0.000313994
0.726201 , 0.000231822
0.878611 , 0.00028089
0.97213 , 0.000417516
0.980005 , 0.000354769
0.882064 , 0.000335843
0.749529 , 0.000243217
0.627997 , 0.000281868
0.550037 , 0.000406245
0.551287 , 0.000458139

47
0 , 0
0 , 0
0 , 0
0 , 0
0 , 0
0 , 0
0 , 0
0 , 0
0 , 0
0 , 0
0 , 0
0 , 0
0 , 0
0 , 0
0 , 0
0 , 0
0 , 0
0 , 0
0 , 0
0 , 0
0 , 0
0 , 0
0 , 0
0 , 0
0 , 0
0 , 0
0 , 0
0 , 0
0 , 0
0 , 0
0 , 0
0 , 0
0 , 0
0 , 0
0 , 0
0 , 0
0 , 0
0 , 0
6.85296e-05 , 4.31226e-06
0.0029958 , 2.82633e-05
0.0432006 , 0.000175552
0.266939 , 0.000396162
0.918073 , 0.000767854
2.0485 , 0.00098252
3.32157 , 0.000750578
4.23709 , 0.00100144
4.50122 , 0.00121946
4.13449 , 0.00134235
3.37279 , 0.0012553
2.48922 , 0.000878316
1.68171 , 0.000609559
1.04678 , 0.000450799
0.607643 , 0.000496278
0.328325 , 0.000407366
0.167411 , 0.000293414
0.0830549 , 0.000262777
0.0461033 , 0.000177898
0.0396271 , 0.000160451
0.0570434 , 0.000172209
0.0992551 , 0.000190349
0.172891 , 0.000246228
0.282064 , 0.000278858
0.426005 , 0.000320617
0.590059 , 0.000268636
0.748919 , 0.000404337
0.86732 , 0.000396165
0.914228 , 0.000523641
0.876103 , 0.000462559
0.763236 , 0.000355581
0.605708 , 0.000268208
0.440546 , 0.000227694
0.30044 , 0.000230283
0.208019 , 0.00029784
0.182472 , 0.000330154
0.242316 , 0.000428159
0.411943 , 0.000498444
0.712181 , 0.000501679
1.1386 , 0.000422028
1.64237 , 0.000404825
2.12724 , 0.000591041
2.47246 , 0.000865897
2.58357 , 0.000974831
2.43673 , 0.000923551
2.07857 , 0.000636
1.61292 , 0.000363998
1.14658 , 0.000387649
0.766756 , 0.000472843
0.519141 , 0.000489732
0.415755 , 0.000465877
0.441854 , 0.000395753
0.561818 , 0.000307509
0.726218 , 0.000227528
0.878641 , 0.000276475
0.972166 , 0.000410169
0.979969 , 0.000349034
0.882105 , 0.000331103
0.74949 , 0.000241258
0.62798 , 0.000276331
0.550046 , 0.000397619
0.55129 , 0.000448298

48
0 , 0
0 , 0
0 , 0
0 , 0
0 , 0
0 , 0
0 , 0
0 , 0
0 , 0
0 , 0
0 , 0
0 , 0
0 , 0
0 , 0
0 , 0
0 , 0
0 , 0
0 , 0
0 , 0
0 , 0
0 , 0
0 , 0
0 , 0
0 , 0
0 , 0
0 , 0
0 , 0
0 , 0
0 , 0
0 , 0
0 , 0
0 , 0
0 , 0
0 , 0
0 , 0
0 , 0
0 , 0
0 , 0
6.79337e-05 , 4.26331e-06
0.00299915 , 2.78694e-05
0.0431565 , 0.000177404
0.266878 , 0.000392618
0.918041 , 0.000752385
2.04846 , 0.000962769
3.32171 , 0.000747409
4.23723 , 0.000990055
4.50123 , 0.00119387
4.13432 , 0.00132559
3.37294 , 0.00123809
2.48905 , 0.00087784
1.68176 , 0.000598969
1.04687 , 0.000450646
0.607686 , 0.000487758
0.328307 , 0.000399188
0.167393 , 0.000287778
0.0830177 , 0.000259926
0.0460959 , 0.000174309
0.0395991 , 0.000159551
0.0570299 , 0.000169125
0.0992445 , 0.000186642
0.172836 , 0.00024724
0.282013 , 0.000277735
0.426016 , 0.000314041
0.590129 , 0.000272193
0.748963 , 0.000398284
0.867305 , 0.000388095
0.914222 , 0.000512653
0.876185 , 0.000460232
0.763278 , 0.000350609
0.605704 , 0.000262603
0.440523 , 0.000224161
0.300401 , 0.000228787
0.207971 , 0.000295505
0.182467 , 0.00032324
0.242339 , 0.000419754
0.41192 , 0.000488453
0.712102 , 0.000497369
1.13862 , 0.000413432
1.64234 , 0.000397531
2.12727 , 0.000579017
2.47242 , 0.000848573
2.58369 , 0.000961751
2.43681 , 0.000907923
2.07857 , 0.000622615
1.61302 , 0.000370543
1.14659 , 0.000379756
0.766738 , 0.000463218
0.519073 , 0.000484113
0.415726 , 0.000456998
0.441801 , 0.00039105
0.561767 , 0.000305262
0.726198 , 0.000223679
0.87862 , 0.00027147
0.972185 , 0.000401971
0.979975 , 0.000341741
0.882132 , 0.000325304
0.749475 , 0.000236624
0.628017 , 0.000273061
0.550019 , 0.000390169
0.551274 , 0.000439159

49
0 , 0
0 , 0
0 , 0
0 , 0
0 , 0
0 , 0
0 , 0
0 , 0
0 , 0
0 , 0
0 , 0
0 , 0
0 , 0
0 , 0
0 , 0
0 , 0
0 , 0
0 , 0
0 , 0
0 , 0
0 , 0
0 , 0
0 , 0
0 , 0
0 , 0
0 , 0
0 , 0
0 , 0
0 , 0
0 , 0
0 , 0
0 , 0
0 , 0
0 , 0
0 , 0
0 , 0
0 , 0
0 , 0
6.83128e-05 , 4.19258e-06
0.00300171 , 2.74145e-05
0.0431396 , 0.00017457
0.266854 , 0.000385305
0.917986 , 0.00073889
2.04826 , 0.000962457
3.3214 , 0.000795012
4.23717 , 0.000971346
4.5016 , 0.00122531
4.13437 , 0.00129942
3.37334 , 0.00127485
2.48926 , 0.000885497
1.68185 , 0.000592815
1.04691 , 0.000442983
0.607565 , 0.00049285
0.328199 , 0.000405509
0.167286 , 0.000301551
0.0829259 , 0.000270606
0.0460392 , 0.000179879
0.0395683 , 0.000159274
0.0569591 , 0.000180108
0.09922 , 0.000184426
0.172756 , 0.000255092
0.281923 , 0.000286524
0.42599 , 0.000308658
0.590159 , 0.000268207
0.749013 , 0.000393327
0.867449 , 0.000406182
0.914385 , 0.000527833
0.876278 , 0.000460128
0.763286 , 0.000343468
0.605718 , 0.000257594
0.440541 , 0.000220268
0.300355 , 0.000228695
0.207901 , 0.000297773
0.182384 , 0.000327319
0.242235 , 0.000424134
0.411799 , 0.000493437
0.711931 , 0.000516543
1.13847 , 0.000431596
1.64232 , 0.00039013
2.1274 , 0.000582735
2.4726 , 0.000849502
2.58392 , 0.000971199
2.43708 , 0.000928953
2.07874 , 0.000633337
1.61311 , 0.000375414
1.14656 , 0.000373062
0.766605 , 0.000472994
0.518903 , 0.000503746
0.415563 , 0.000476045
0.441636 , 0.000417093
0.56167 , 0.000314274
0.726183 , 0.00021955
0.878647 , 0.000267212
0.972267 , 0.000402193
0.980115 , 0.000362703
0.882295 , 0.000357958
0.749501 , 0.000233189
0.627945 , 0.000277057
0.54991 , 0.000397286
0.551087 , 0.000468868

50
0 , 0
0 , 0
0 , 0
0 , 0
0 , 0
0 , 0
0 , 0
0 , 0
0 , 0
0 , 0
0 , 0
0 , 0
0 , 0
0 , 0
0 , 0
0 , 0
0 , 0
0 , 0
0 , 0
0 , 0
0 , 0
0 , 0
0 , 0
0 , 0
0 , 0
0 , 0
0 , 0
0 , 0
0 , 0
0 , 0
0 , 0
0 , 0
0 , 0
0 , 0
0 , 0
0 , 0
0 , 0
0 , 0
6.81444e-05 , 4.11132e-06
0.00299973 , 2.69335e-05
0.043122 , 0.000171946
0.266778 , 0.00038513
0.917954 , 0.000724654
2.04815 , 0.000950179
3.32141 , 0.000779023
4.23733 , 0.000965519
4.50165 , 0.00120162
4.13459 , 0.00129107
3.37348 , 0.0012568
2.48921 , 0.000868888
1.6816 , 0.000629281
1.04695 , 0.000435717
0.607514 , 0.000485615
0.328209 , 0.000397434
0.1673 , 0.000295803
0.0829268 , 0.00026514
0.0460077 , 0.000179052
0.0395263 , 0.000161608
0.0569292 , 0.000178996
0.099179 , 0.000185292
0.172783 , 0.000251438
0.28191 , 0.000281027
0.425978 , 0.000302664
0.590141 , 0.000263362
0.749026 , 0.000385575
0.867489 , 0.000399989
0.914468 , 0.000523833
0.876303 , 0.000451565
0.763323 , 0.0003385
0.605734 , 0.000252914
0.440538 , 0.000215833
0.30033 , 0.000225476
0.207853 , 0.000295634
0.182347 , 0.000322841
0.242172 , 0.000420271
0.411761 , 0.000484991
0.71189 , 0.000507761
1.13844 , 0.00042375
1.64232 , 0.00038225
2.12742 , 0.000571363
2.47266 , 0.000834539
2.58403 , 0.000957936
2.4372 , 0.000917676
2.07882 , 0.000625407
1.61306 , 0.000372497
1.14652 , 0.000367559
0.766555 , 0.000466031
0.518892 , 0.000493701
0.415531 , 0.000467544
0.441601 , 0.000410086
0.561681 , 0.000308095
0.726211 , 0.000216944
0.878596 , 0.000266639
0.972251 , 0.000394404
0.980132 , 0.000355794
0.882332 , 0.000352587
0.749553 , 0.000234181
0.627945 , 0.00027146
0.54984 , 0.000395624
0.551039 , 0.000461886
