1 , -7.54018 , -7.54018 , 0
2 , -7.54813 , -7.54416 , 0.00397124
3 , -7.54797 , -7.54543 , 0.00262111
4 , -7.54212 , -7.5446 , 0.00202906
5 , -7.55505 , -7.54669 , 0.00261497
6 , -7.54627 , -7.54662 , 0.00213626
7 , -7.54497 , -7.54638 , 0.00182088
8 , -7.54604 , -7.54634 , 0.00157752
9 , -7.54138 , -7.54579 , 0.00149663
10 , -7.54157 , -7.54537 , 0.00140357
11 , -7.54915 , -7.54571 , 0.00131538
12 , -7.54081 , -7.5453 , 0.00126824
13 , -7.55087 , -7.54573 , 0.00124264
14 , -7.54563 , -7.54572 , 0.00115049
15 , -7.5463 , -7.54576 , 0.00107174
16 , -7.54443 , -7.54568 , 0.00100599
17 , -7.5498 , -7.54592 , 0.000975564
18 , -7.54816 , -7.54605 , 0.000928119
19 , -7.54763 , -7.54613 , 0.00088187
20 , -7.5486 , -7.54625 , 0.000845683
21 , -7.54546 , -7.54621 , 0.000805287
22 , -7.55131 , -7.54645 , 0.000801961
23 , -7.54522 , -7.54639 , 0.000768139
24 , -7.54852 , -7.54648 , 0.000740734
25 , -7.54606 , -7.54646 , 0.000710689
26 , -7.55025 , -7.54661 , 0.000698193
27 , -7.54639 , -7.5466 , 0.000671886
28 , -7.54396 , -7.54651 , 0.000654265
29 , -7.5425 , -7.54637 , 0.000646271
30 , -7.55031 , -7.5465 , 0.000638
31 , -7.54345 , -7.5464 , 0.000624871
32 , -7.55008 , -7.54652 , 0.000615834
33 , -7.54706 , -7.54653 , 0.000597111
34 , -7.54736 , -7.54656 , 0.000579797
35 , -7.54344 , -7.54647 , 0.000570002
36 , -7.55118 , -7.5466 , 0.000569167
37 , -7.54358 , -7.54652 , 0.000559542
38 , -7.54283 , -7.54642 , 0.000553179
39 , -7.54282 , -7.54633 , 0.000546649
40 , -7.5497 , -7.54641 , 0.00053944
41 , -7.54947 , -7.54649 , 0.00053138
42 , -7.55054 , -7.54658 , 0.000527476
43 , -7.54278 , -7.5465 , 0.000522614
44 , -7.54582 , -7.54648 , 0.000510826
45 , -7.54389 , -7.54642 , 0.000502646
46 , -7.54418 , -7.54637 , 0.000494018
47 , -7.54738 , -7.5464 , 0.000483865
48 , -7.54847 , -7.54644 , 0.000475648
49 , -7.55206 , -7.54655 , 0.00047976
50 , -7.54987 , -7.54662 , 0.000474712
